8,7207BN,Hekkehorst,Zutphen
10,7207BN,Hekkehorst,Zutphen
12,7207BN,Hekkehorst,Zutphen
14,7207BN,Hekkehorst,Zutphen
16,7207BN,Hekkehorst,Zutphen
18,7207BN,Hekkehorst,Zutphen
19,7207BR,Hoge Balver,Zutphen
40,7204HE,Buitensingel,Zutphen
42,7204HE,Buitensingel,Zutphen
3,7205GB,De Teuge,Zutphen
4,7205GC,De Teuge,Zutphen
5,7205GB,De Teuge,Zutphen
6,7205GC,De Teuge,Zutphen
7,7205GB,De Teuge,Zutphen
8,7205GC,De Teuge,Zutphen
9,7205GB,De Teuge,Zutphen
10,7205GC,De Teuge,Zutphen
11,7205GB,De Teuge,Zutphen
12,7205GC,De Teuge,Zutphen
13,7205GB,De Teuge,Zutphen
14,7205GC,De Teuge,Zutphen
15,7205GB,De Teuge,Zutphen
16,7205GC,De Teuge,Zutphen
17,7205GB,De Teuge,Zutphen
18,7205GC,De Teuge,Zutphen
19,7205GB,De Teuge,Zutphen
20,7205GC,De Teuge,Zutphen
21,7205GB,De Teuge,Zutphen
22,7205GC,De Teuge,Zutphen
23,7205GB,De Teuge,Zutphen
24,7205GC,De Teuge,Zutphen
25,7205GB,De Teuge,Zutphen
26,7205GC,De Teuge,Zutphen
27,7205GB,De Teuge,Zutphen
29,7205GB,De Teuge,Zutphen
30,7205GC,De Teuge,Zutphen
31,7205GB,De Teuge,Zutphen
32,7205GC,De Teuge,Zutphen
34,7205GC,De Teuge,Zutphen
1,7205GH,Sonsvelthof,Zutphen
3,7205GH,Sonsvelthof,Zutphen
5,7205GH,Sonsvelthof,Zutphen
7,7205GH,Sonsvelthof,Zutphen
8,7205GG,Sonsvelthof,Zutphen
1,7207BS,Hekkehorst,Zutphen
12,7201NG,Lievevrouwestraat,Zutphen
35,7205GB,De Teuge,Zutphen
30,7207BN,Hekkehorst,Zutphen
12,7202AG,Dreef,Zutphen
1,7207PD,Frits Juliushof,Zutphen
2,7207PD,Frits Juliushof,Zutphen
3,7207PD,Frits Juliushof,Zutphen
4,7207PD,Frits Juliushof,Zutphen
5,7207PD,Frits Juliushof,Zutphen
6,7207PD,Frits Juliushof,Zutphen
7,7207PD,Frits Juliushof,Zutphen
8,7207PD,Frits Juliushof,Zutphen
9,7207PD,Frits Juliushof,Zutphen
10,7207PD,Frits Juliushof,Zutphen
11,7207PD,Frits Juliushof,Zutphen
12,7207PD,Frits Juliushof,Zutphen
13,7207PD,Frits Juliushof,Zutphen
14,7207PD,Frits Juliushof,Zutphen
1,7207PK,Goethesingel,Zutphen
3,7207PK,Goethesingel,Zutphen
5,7207PK,Goethesingel,Zutphen
7,7207PK,Goethesingel,Zutphen
9,7207PK,Goethesingel,Zutphen
11,7207PK,Goethesingel,Zutphen
13,7207PK,Goethesingel,Zutphen
15,7207PK,Goethesingel,Zutphen
17,7207PK,Goethesingel,Zutphen
19,7207PK,Goethesingel,Zutphen
21,7207PK,Goethesingel,Zutphen
23,7207PK,Goethesingel,Zutphen
25,7207PK,Goethesingel,Zutphen
27,7207PK,Goethesingel,Zutphen
29,7207PK,Goethesingel,Zutphen
31,7207PK,Goethesingel,Zutphen
33,7207PK,Goethesingel,Zutphen
35,7207PK,Goethesingel,Zutphen
37,7207PK,Goethesingel,Zutphen
39,7207PK,Goethesingel,Zutphen
41,7207PK,Goethesingel,Zutphen
43,7207PK,Goethesingel,Zutphen
47,7207PK,Goethesingel,Zutphen
1,7207PC,Ita Wegmanhof,Zutphen
2,7207PC,Ita Wegmanhof,Zutphen
3,7207PC,Ita Wegmanhof,Zutphen
4,7207PC,Ita Wegmanhof,Zutphen
5,7207PC,Ita Wegmanhof,Zutphen
6,7207PC,Ita Wegmanhof,Zutphen
7,7207PC,Ita Wegmanhof,Zutphen
8,7207PC,Ita Wegmanhof,Zutphen
9,7207PC,Ita Wegmanhof,Zutphen
10,7207PC,Ita Wegmanhof,Zutphen
11,7207PC,Ita Wegmanhof,Zutphen
12,7207PC,Ita Wegmanhof,Zutphen
13,7207PC,Ita Wegmanhof,Zutphen
14,7207PC,Ita Wegmanhof,Zutphen
16,7207PC,Ita Wegmanhof,Zutphen
18,7207PC,Ita Wegmanhof,Zutphen
2,7207PE,Ton Albertsstraat,Zutphen
4,7207PE,Ton Albertsstraat,Zutphen
6,7207PE,Ton Albertsstraat,Zutphen
8,7207PE,Ton Albertsstraat,Zutphen
10,7207PE,Ton Albertsstraat,Zutphen
12,7207PE,Ton Albertsstraat,Zutphen
14,7207PE,Ton Albertsstraat,Zutphen
16,7207PE,Ton Albertsstraat,Zutphen
4,7207PT,Bernard Lievegoedstraat,Zutphen
6,7207PT,Bernard Lievegoedstraat,Zutphen
8,7207PT,Bernard Lievegoedstraat,Zutphen
10,7207PT,Bernard Lievegoedstraat,Zutphen
12,7207PT,Bernard Lievegoedstraat,Zutphen
14,7207PT,Bernard Lievegoedstraat,Zutphen
16,7207PT,Bernard Lievegoedstraat,Zutphen
18,7207PT,Bernard Lievegoedstraat,Zutphen
6,7207HN,Henriette Polaklaan,Zutphen
28,7205GC,De Teuge,Zutphen
55,7205AV,Baankstraat,Zutphen
63,7205AV,Baankstraat,Zutphen
10,7205GD,Dijkmate,Zutphen
18,7205GD,Dijkmate,Zutphen
20,7205GD,Dijkmate,Zutphen
22,7205GD,Dijkmate,Zutphen
16,7205GA,Sterrenblik,Zutphen
36,7204HD,Buitensingel,Zutphen
2,7232HC,Het Spangoor,Warnsveld
4,7205GG,Sonsvelthof,Zutphen
7,7232HA,Het Spangoor,Warnsveld
1,7232HE,De Ploeg,Warnsveld
38,7204HD,Buitensingel,Zutphen
45,7207PK,Goethesingel,Zutphen
15,7232GJ,Het Boschloo,Warnsveld
2,7207PT,Bernard Lievegoedstraat,Zutphen
6,7205GG,Sonsvelthof,Zutphen
12,7232GK,Het Boschloo,Warnsveld
3,7207BS,Hekkehorst,Zutphen
21,7202AN,Coenensparkstraat,Zutphen
31,7202AN,Coenensparkstraat,Zutphen
6,7232HE,De Ploeg,Warnsveld
6,7202CP,Estlandsestraat,Zutphen
5,7232HE,De Ploeg,Warnsveld
36,7232HE,De Ploeg,Warnsveld
8,7232HE,De Ploeg,Warnsveld
2,7205GG,Sonsvelthof,Zutphen
2,7207BN,Hekkehorst,Zutphen
4,7207BN,Hekkehorst,Zutphen
16,7232HE,De Ploeg,Warnsveld
1,7232GP,De Lange Garde,Warnsveld
2,7232HE,De Ploeg,Warnsveld
3,7232HE,De Ploeg,Warnsveld
4,7232HE,De Ploeg,Warnsveld
10,7232HE,De Ploeg,Warnsveld
12,7232HE,De Ploeg,Warnsveld
14,7232HE,De Ploeg,Warnsveld
18,7232HE,De Ploeg,Warnsveld
20,7232HE,De Ploeg,Warnsveld
24,7232HE,De Ploeg,Warnsveld
28,7232HE,De Ploeg,Warnsveld
30,7232HE,De Ploeg,Warnsveld
34,7232HE,De Ploeg,Warnsveld
4,7232HH,De Timpe,Warnsveld
6,7232HH,De Timpe,Warnsveld
8,7232HH,De Timpe,Warnsveld
10,7232HH,De Timpe,Warnsveld
12,7232HH,De Timpe,Warnsveld
14,7232HH,De Timpe,Warnsveld
16,7232HH,De Timpe,Warnsveld
18,7232HH,De Timpe,Warnsveld
20,7232HH,De Timpe,Warnsveld
22,7232HH,De Timpe,Warnsveld
24,7232HH,De Timpe,Warnsveld
26,7232HH,De Timpe,Warnsveld
28,7232HH,De Timpe,Warnsveld
30,7232HH,De Timpe,Warnsveld
32,7232HH,De Timpe,Warnsveld
34,7232HH,De Timpe,Warnsveld
36,7232HH,De Timpe,Warnsveld
17,7232GJ,Het Boschloo,Warnsveld
19,7232GJ,Het Boschloo,Warnsveld
92,7232GJ,Het Boschloo,Warnsveld
94,7232GJ,Het Boschloo,Warnsveld
96,7232GJ,Het Boschloo,Warnsveld
98,7232GJ,Het Boschloo,Warnsveld
2,7232HD,Het Buiting,Warnsveld
3,7232HD,Het Buiting,Warnsveld
4,7232HD,Het Buiting,Warnsveld
6,7232HD,Het Buiting,Warnsveld
8,7232HD,Het Buiting,Warnsveld
10,7232HD,Het Buiting,Warnsveld
12,7232HD,Het Buiting,Warnsveld
55,7232HJ,Het Horseler,Warnsveld
57,7232HJ,Het Horseler,Warnsveld
59,7232HJ,Het Horseler,Warnsveld
61,7232HJ,Het Horseler,Warnsveld
63,7232HJ,Het Horseler,Warnsveld
65,7232HJ,Het Horseler,Warnsveld
67,7232HJ,Het Horseler,Warnsveld
71,7232HJ,Het Horseler,Warnsveld
73,7232HJ,Het Horseler,Warnsveld
75,7232HJ,Het Horseler,Warnsveld
77,7232HJ,Het Horseler,Warnsveld
79,7232HJ,Het Horseler,Warnsveld
1,7232HG,Het Regelink,Warnsveld
2,7232HG,Het Regelink,Warnsveld
3,7232HG,Het Regelink,Warnsveld
4,7232HG,Het Regelink,Warnsveld
5,7232HG,Het Regelink,Warnsveld
6,7232HG,Het Regelink,Warnsveld
1,7232HA,Het Spangoor,Warnsveld
3,7232HA,Het Spangoor,Warnsveld
4,7232HC,Het Spangoor,Warnsveld
5,7232HA,Het Spangoor,Warnsveld
6,7232HC,Het Spangoor,Warnsveld
8,7232HC,Het Spangoor,Warnsveld
9,7232HA,Het Spangoor,Warnsveld
10,7232HC,Het Spangoor,Warnsveld
11,7232HA,Het Spangoor,Warnsveld
12,7232HC,Het Spangoor,Warnsveld
13,7232HA,Het Spangoor,Warnsveld
14,7232HC,Het Spangoor,Warnsveld
15,7232HA,Het Spangoor,Warnsveld
16,7232HC,Het Spangoor,Warnsveld
17,7232HA,Het Spangoor,Warnsveld
18,7232HC,Het Spangoor,Warnsveld
19,7232HA,Het Spangoor,Warnsveld
20,7232HC,Het Spangoor,Warnsveld
21,7232HA,Het Spangoor,Warnsveld
22,7232HC,Het Spangoor,Warnsveld
23,7232HA,Het Spangoor,Warnsveld
24,7232HC,Het Spangoor,Warnsveld
25,7232HA,Het Spangoor,Warnsveld
27,7232HA,Het Spangoor,Warnsveld
29,7232HA,Het Spangoor,Warnsveld
31,7232HB,Het Spangoor,Warnsveld
33,7232HB,Het Spangoor,Warnsveld
35,7232HB,Het Spangoor,Warnsveld
37,7232HB,Het Spangoor,Warnsveld
39,7232HB,Het Spangoor,Warnsveld
41,7232HB,Het Spangoor,Warnsveld
43,7232HB,Het Spangoor,Warnsveld
45,7232HB,Het Spangoor,Warnsveld
47,7232HB,Het Spangoor,Warnsveld
49,7232HB,Het Spangoor,Warnsveld
51,7232HB,Het Spangoor,Warnsveld
53,7232HB,Het Spangoor,Warnsveld
94,7232CM,Kloetschup,Warnsveld
22,7207BN,Hekkehorst,Zutphen
26,7207BN,Hekkehorst,Zutphen
28,7207BN,Hekkehorst,Zutphen
13,7202BR,Hermesweg,Zutphen
36,7201HV,Lange Hofstraat,Zutphen
38,7201HV,Lange Hofstraat,Zutphen
12,7201KR,Naadzak,Zutphen
14,7201KR,Naadzak,Zutphen
16,7201KR,Naadzak,Zutphen
18,7201KR,Naadzak,Zutphen
20,7201KR,Naadzak,Zutphen
22,7201KR,Naadzak,Zutphen
26,7207BJ,Verlengde Ooyerhoekseweg,Zutphen
81,7202CA,Industrieweg,Zutphen
36,7205GC,De Teuge,Zutphen
37,7205GB,De Teuge,Zutphen
38,7205GC,De Teuge,Zutphen
39,7205GB,De Teuge,Zutphen
40,7205GC,De Teuge,Zutphen
41,7205GB,De Teuge,Zutphen
42,7205GC,De Teuge,Zutphen
43,7205GB,De Teuge,Zutphen
44,7205GC,De Teuge,Zutphen
45,7205GB,De Teuge,Zutphen
46,7205GC,De Teuge,Zutphen
47,7205GB,De Teuge,Zutphen
48,7205GC,De Teuge,Zutphen
49,7205GB,De Teuge,Zutphen
50,7205GC,De Teuge,Zutphen
2,7204PV,Clara Schumannstraat,Zutphen
4,7204PV,Clara Schumannstraat,Zutphen
6,7204PV,Clara Schumannstraat,Zutphen
8,7204PV,Clara Schumannstraat,Zutphen
10,7204PV,Clara Schumannstraat,Zutphen
12,7204PV,Clara Schumannstraat,Zutphen
14,7204PV,Clara Schumannstraat,Zutphen
16,7204PV,Clara Schumannstraat,Zutphen
18,7204PV,Clara Schumannstraat,Zutphen
20,7204PV,Clara Schumannstraat,Zutphen
22,7204PV,Clara Schumannstraat,Zutphen
24,7204PV,Clara Schumannstraat,Zutphen
26,7204PV,Clara Schumannstraat,Zutphen
28,7204PV,Clara Schumannstraat,Zutphen
30,7204PV,Clara Schumannstraat,Zutphen
32,7204PV,Clara Schumannstraat,Zutphen
34,7204PV,Clara Schumannstraat,Zutphen
36,7204PV,Clara Schumannstraat,Zutphen
38,7204PV,Clara Schumannstraat,Zutphen
40,7204PV,Clara Schumannstraat,Zutphen
42,7204PV,Clara Schumannstraat,Zutphen
44,7204PV,Clara Schumannstraat,Zutphen
46,7204PV,Clara Schumannstraat,Zutphen
48,7204PV,Clara Schumannstraat,Zutphen
50,7204PV,Clara Schumannstraat,Zutphen
52,7204PV,Clara Schumannstraat,Zutphen
1,7207PP,Annelies Kingmahof,Zutphen
2,7207PP,Annelies Kingmahof,Zutphen
3,7207PP,Annelies Kingmahof,Zutphen
4,7207PP,Annelies Kingmahof,Zutphen
5,7207PP,Annelies Kingmahof,Zutphen
6,7207PP,Annelies Kingmahof,Zutphen
7,7207PP,Annelies Kingmahof,Zutphen
8,7207PP,Annelies Kingmahof,Zutphen
9,7207PP,Annelies Kingmahof,Zutphen
10,7207PP,Annelies Kingmahof,Zutphen
11,7207PP,Annelies Kingmahof,Zutphen
12,7207PP,Annelies Kingmahof,Zutphen
13,7207PP,Annelies Kingmahof,Zutphen
14,7207PP,Annelies Kingmahof,Zutphen
15,7207PP,Annelies Kingmahof,Zutphen
16,7207PP,Annelies Kingmahof,Zutphen
17,7207PP,Annelies Kingmahof,Zutphen
18,7207PP,Annelies Kingmahof,Zutphen
2,7207PL,Goethesingel,Zutphen
4,7207PL,Goethesingel,Zutphen
6,7207PL,Goethesingel,Zutphen
8,7207PL,Goethesingel,Zutphen
10,7207PL,Goethesingel,Zutphen
12,7207PL,Goethesingel,Zutphen
16,7207PL,Goethesingel,Zutphen
18,7207PL,Goethesingel,Zutphen
20,7207PL,Goethesingel,Zutphen
22,7207PL,Goethesingel,Zutphen
24,7207PL,Goethesingel,Zutphen
26,7207PL,Goethesingel,Zutphen
28,7207PL,Goethesingel,Zutphen
30,7207PL,Goethesingel,Zutphen
32,7207PL,Goethesingel,Zutphen
34,7207PL,Goethesingel,Zutphen
36,7207PL,Goethesingel,Zutphen
38,7207PL,Goethesingel,Zutphen
40,7207PL,Goethesingel,Zutphen
42,7207PL,Goethesingel,Zutphen
44,7207PL,Goethesingel,Zutphen
46,7207PL,Goethesingel,Zutphen
48,7207PL,Goethesingel,Zutphen
50,7207PL,Goethesingel,Zutphen
52,7207PL,Goethesingel,Zutphen
54,7207PL,Goethesingel,Zutphen
56,7207PL,Goethesingel,Zutphen
58,7207PM,Goethesingel,Zutphen
60,7207PM,Goethesingel,Zutphen
62,7207PM,Goethesingel,Zutphen
64,7207PM,Goethesingel,Zutphen
66,7207PM,Goethesingel,Zutphen
68,7207PM,Goethesingel,Zutphen
70,7207PM,Goethesingel,Zutphen
72,7207PM,Goethesingel,Zutphen
74,7207PM,Goethesingel,Zutphen
76,7207PM,Goethesingel,Zutphen
78,7207PM,Goethesingel,Zutphen
80,7207PM,Goethesingel,Zutphen
82,7207PM,Goethesingel,Zutphen
84,7207PM,Goethesingel,Zutphen
86,7207PM,Goethesingel,Zutphen
88,7207PM,Goethesingel,Zutphen
90,7207PM,Goethesingel,Zutphen
92,7207PM,Goethesingel,Zutphen
94,7207PM,Goethesingel,Zutphen
96,7207PM,Goethesingel,Zutphen
98,7207PM,Goethesingel,Zutphen
100,7207PM,Goethesingel,Zutphen
102,7207PM,Goethesingel,Zutphen
104,7207PM,Goethesingel,Zutphen
106,7207PM,Goethesingel,Zutphen
108,7207PM,Goethesingel,Zutphen
110,7207PM,Goethesingel,Zutphen
112,7207PM,Goethesingel,Zutphen
1,7207PR,Harry Poldermanhof,Zutphen
2,7207PR,Harry Poldermanhof,Zutphen
4,7207PR,Harry Poldermanhof,Zutphen
5,7207PR,Harry Poldermanhof,Zutphen
6,7207PR,Harry Poldermanhof,Zutphen
7,7207PR,Harry Poldermanhof,Zutphen
8,7207PR,Harry Poldermanhof,Zutphen
9,7207PR,Harry Poldermanhof,Zutphen
10,7207PR,Harry Poldermanhof,Zutphen
11,7207PR,Harry Poldermanhof,Zutphen
12,7207PR,Harry Poldermanhof,Zutphen
13,7207PR,Harry Poldermanhof,Zutphen
14,7207PR,Harry Poldermanhof,Zutphen
15,7207PR,Harry Poldermanhof,Zutphen
16,7207PR,Harry Poldermanhof,Zutphen
17,7207PR,Harry Poldermanhof,Zutphen
18,7207PR,Harry Poldermanhof,Zutphen
1,7207PS,Maarten Boshof,Zutphen
2,7207PS,Maarten Boshof,Zutphen
3,7207PS,Maarten Boshof,Zutphen
4,7207PS,Maarten Boshof,Zutphen
5,7207PS,Maarten Boshof,Zutphen
6,7207PS,Maarten Boshof,Zutphen
7,7207PS,Maarten Boshof,Zutphen
8,7207PS,Maarten Boshof,Zutphen
9,7207PS,Maarten Boshof,Zutphen
10,7207PS,Maarten Boshof,Zutphen
11,7207PS,Maarten Boshof,Zutphen
12,7207PS,Maarten Boshof,Zutphen
13,7207PS,Maarten Boshof,Zutphen
14,7207PS,Maarten Boshof,Zutphen
15,7207PS,Maarten Boshof,Zutphen
16,7207PS,Maarten Boshof,Zutphen
17,7207PS,Maarten Boshof,Zutphen
18,7207PS,Maarten Boshof,Zutphen
2,7207PZ,Rudolf Steinerlaan,Zutphen
4,7207PZ,Rudolf Steinerlaan,Zutphen
6,7207PZ,Rudolf Steinerlaan,Zutphen
10,7207PZ,Rudolf Steinerlaan,Zutphen
12,7207PZ,Rudolf Steinerlaan,Zutphen
14,7207PZ,Rudolf Steinerlaan,Zutphen
16,7207PZ,Rudolf Steinerlaan,Zutphen
2,7205GD,Dijkmate,Zutphen
3,7205GE,Dijkmate,Zutphen
4,7205GD,Dijkmate,Zutphen
5,7205GE,Dijkmate,Zutphen
6,7205GD,Dijkmate,Zutphen
7,7205GE,Dijkmate,Zutphen
8,7205GD,Dijkmate,Zutphen
9,7205GE,Dijkmate,Zutphen
6,7205GA,Sterrenblik,Zutphen
10,7205GA,Sterrenblik,Zutphen
326,7206CT,Het Zwanevlot,Zutphen
327,7206CT,Het Zwanevlot,Zutphen
328,7206CT,Het Zwanevlot,Zutphen
329,7206CT,Het Zwanevlot,Zutphen
330,7206CT,Het Zwanevlot,Zutphen
331,7206CT,Het Zwanevlot,Zutphen
332,7206CT,Het Zwanevlot,Zutphen
333,7206CT,Het Zwanevlot,Zutphen
334,7206CT,Het Zwanevlot,Zutphen
335,7206CT,Het Zwanevlot,Zutphen
336,7206CT,Het Zwanevlot,Zutphen
337,7206CT,Het Zwanevlot,Zutphen
338,7206CT,Het Zwanevlot,Zutphen
339,7206CT,Het Zwanevlot,Zutphen
340,7206CT,Het Zwanevlot,Zutphen
341,7206CT,Het Zwanevlot,Zutphen
342,7206CT,Het Zwanevlot,Zutphen
343,7206CT,Het Zwanevlot,Zutphen
344,7206CT,Het Zwanevlot,Zutphen
345,7206CT,Het Zwanevlot,Zutphen
346,7206CT,Het Zwanevlot,Zutphen
347,7206CT,Het Zwanevlot,Zutphen
348,7206CT,Het Zwanevlot,Zutphen
349,7206CT,Het Zwanevlot,Zutphen
350,7206CT,Het Zwanevlot,Zutphen
351,7206CT,Het Zwanevlot,Zutphen
352,7206CT,Het Zwanevlot,Zutphen
353,7206CT,Het Zwanevlot,Zutphen
354,7206CT,Het Zwanevlot,Zutphen
355,7206CT,Het Zwanevlot,Zutphen
53,7205AV,Baankstraat,Zutphen
57,7205AV,Baankstraat,Zutphen
59,7205AV,Baankstraat,Zutphen
61,7205AV,Baankstraat,Zutphen
65,7205AV,Baankstraat,Zutphen
67,7205AV,Baankstraat,Zutphen
69,7205AV,Baankstraat,Zutphen
71,7205AV,Baankstraat,Zutphen
11,7205GE,Dijkmate,Zutphen
12,7205GD,Dijkmate,Zutphen
13,7205GE,Dijkmate,Zutphen
14,7205GD,Dijkmate,Zutphen
15,7205GE,Dijkmate,Zutphen
16,7205GD,Dijkmate,Zutphen
17,7205GE,Dijkmate,Zutphen
19,7205GE,Dijkmate,Zutphen
9,7205GH,Sonsvelthof,Zutphen
10,7205GG,Sonsvelthof,Zutphen
11,7205GH,Sonsvelthof,Zutphen
12,7205GG,Sonsvelthof,Zutphen
13,7205GH,Sonsvelthof,Zutphen
14,7205GG,Sonsvelthof,Zutphen
15,7205GH,Sonsvelthof,Zutphen
16,7205GG,Sonsvelthof,Zutphen
17,7205GH,Sonsvelthof,Zutphen
18,7205GG,Sonsvelthof,Zutphen
19,7205GH,Sonsvelthof,Zutphen
20,7205GG,Sonsvelthof,Zutphen
21,7205GH,Sonsvelthof,Zutphen
22,7205GG,Sonsvelthof,Zutphen
24,7205GG,Sonsvelthof,Zutphen
26,7205GG,Sonsvelthof,Zutphen
28,7205GG,Sonsvelthof,Zutphen
12,7205GA,Sterrenblik,Zutphen
14,7205GA,Sterrenblik,Zutphen
18,7205GA,Sterrenblik,Zutphen
1,7204NP,Brahmsstraat,Zutphen
3,7204NP,Brahmsstraat,Zutphen
5,7204NP,Brahmsstraat,Zutphen
7,7204NP,Brahmsstraat,Zutphen
9,7204NP,Brahmsstraat,Zutphen
11,7204NP,Brahmsstraat,Zutphen
13,7204NP,Brahmsstraat,Zutphen
15,7204NP,Brahmsstraat,Zutphen
17,7204NP,Brahmsstraat,Zutphen
19,7204NP,Brahmsstraat,Zutphen
8,7205GA,Sterrenblik,Zutphen
4,7205GA,Sterrenblik,Zutphen
1,7204AV,Prins Clausstraat,Zutphen
3,7204AV,Prins Clausstraat,Zutphen
5,7204AV,Prins Clausstraat,Zutphen
7,7204AV,Prins Clausstraat,Zutphen
8,7204AV,Prins Clausstraat,Zutphen
9,7204AV,Prins Clausstraat,Zutphen
11,7204AV,Prins Clausstraat,Zutphen
13,7204AV,Prins Clausstraat,Zutphen
15,7204AV,Prins Clausstraat,Zutphen
23,7204AV,Prins Clausstraat,Zutphen
1,7204AX,Prinses Beatrixstraat,Zutphen
3,7204AX,Prinses Beatrixstraat,Zutphen
5,7204AX,Prinses Beatrixstraat,Zutphen
7,7204AX,Prinses Beatrixstraat,Zutphen
9,7204AX,Prinses Beatrixstraat,Zutphen
11,7204AX,Prinses Beatrixstraat,Zutphen
13,7204AX,Prinses Beatrixstraat,Zutphen
15,7204AX,Prinses Beatrixstraat,Zutphen
17,7204AX,Prinses Beatrixstraat,Zutphen
19,7204AX,Prinses Beatrixstraat,Zutphen
21,7204AX,Prinses Beatrixstraat,Zutphen
23,7204AX,Prinses Beatrixstraat,Zutphen
25,7204AX,Prinses Beatrixstraat,Zutphen
27,7204AX,Prinses Beatrixstraat,Zutphen
29,7204AX,Prinses Beatrixstraat,Zutphen
31,7204AX,Prinses Beatrixstraat,Zutphen
33,7204AX,Prinses Beatrixstraat,Zutphen
35,7204AX,Prinses Beatrixstraat,Zutphen
1,7204AW,Sophiastraat,Zutphen
2,7204AW,Sophiastraat,Zutphen
3,7204AW,Sophiastraat,Zutphen
4,7204AW,Sophiastraat,Zutphen
5,7204AW,Sophiastraat,Zutphen
6,7204AW,Sophiastraat,Zutphen
8,7204AW,Sophiastraat,Zutphen
2,7207RJ,Hemmingstraat,Zutphen
4,7207RJ,Hemmingstraat,Zutphen
20,7207RJ,Hemmingstraat,Zutphen
22,7207RJ,Hemmingstraat,Zutphen
24,7207RJ,Hemmingstraat,Zutphen
28,7207RJ,Hemmingstraat,Zutphen
42,7207RK,Hemmingstraat,Zutphen
44,7207RK,Hemmingstraat,Zutphen
46,7207RK,Hemmingstraat,Zutphen
48,7207RK,Hemmingstraat,Zutphen
50,7207RK,Hemmingstraat,Zutphen
52,7207RK,Hemmingstraat,Zutphen
62,7207RK,Hemmingstraat,Zutphen
64,7207RK,Hemmingstraat,Zutphen
66,7207RK,Hemmingstraat,Zutphen
68,7207RK,Hemmingstraat,Zutphen
70,7207RK,Hemmingstraat,Zutphen
72,7207RK,Hemmingstraat,Zutphen
74,7207RK,Hemmingstraat,Zutphen
76,7207RK,Hemmingstraat,Zutphen
39,7201GM,Badhuisweg,Zutphen
40,7207RK,Hemmingstraat,Zutphen
30,7207RJ,Hemmingstraat,Zutphen
18,7207RJ,Hemmingstraat,Zutphen
14,7207PL,Goethesingel,Zutphen
8,7207PZ,Rudolf Steinerlaan,Zutphen
1,7202CM,Oostzeestraat,Zutphen
26,7207RJ,Hemmingstraat,Zutphen
6,7207RJ,Hemmingstraat,Zutphen
8,7207RJ,Hemmingstraat,Zutphen
33,7232DH,Schapendoes,Warnsveld
4,7205DA,Hoveniersweg,Zutphen
17,7204AV,Prins Clausstraat,Zutphen
19,7204AV,Prins Clausstraat,Zutphen
21,7204AV,Prins Clausstraat,Zutphen
130,7207PX,Bernard Lievegoedstraat,Zutphen
132,7207PX,Bernard Lievegoedstraat,Zutphen
134,7207PX,Bernard Lievegoedstraat,Zutphen
136,7207PX,Bernard Lievegoedstraat,Zutphen
138,7207PX,Bernard Lievegoedstraat,Zutphen
140,7207PX,Bernard Lievegoedstraat,Zutphen
142,7207PX,Bernard Lievegoedstraat,Zutphen
144,7207PX,Bernard Lievegoedstraat,Zutphen
146,7207PX,Bernard Lievegoedstraat,Zutphen
3,7207PR,Harry Poldermanhof,Zutphen
6,7201GV,Vispoortstraat,Zutphen
7,7201GV,Vispoortstraat,Zutphen
8,7201GV,Vispoortstraat,Zutphen
9,7201GV,Vispoortstraat,Zutphen
10,7201GV,Vispoortstraat,Zutphen
11,7201GV,Vispoortstraat,Zutphen
12,7201GV,Vispoortstraat,Zutphen
13,7201GV,Vispoortstraat,Zutphen
14,7201GV,Vispoortstraat,Zutphen
15,7201GV,Vispoortstraat,Zutphen
16,7201GV,Vispoortstraat,Zutphen
17,7201GV,Vispoortstraat,Zutphen
18,7201GV,Vispoortstraat,Zutphen
19,7201GV,Vispoortstraat,Zutphen
20,7201GV,Vispoortstraat,Zutphen
21,7201GV,Vispoortstraat,Zutphen
37,7201GM,Badhuisweg,Zutphen
43,7201GM,Badhuisweg,Zutphen
2,7204AV,Prins Clausstraat,Zutphen
4,7204AV,Prins Clausstraat,Zutphen
6,7204AV,Prins Clausstraat,Zutphen
10,7204AV,Prins Clausstraat,Zutphen
12,7204AV,Prins Clausstraat,Zutphen
14,7204AV,Prins Clausstraat,Zutphen
16,7204AV,Prins Clausstraat,Zutphen
57,7201CB,Laarstraat,Zutphen
4,7207PG,Loverendale,Zutphen
7,7207PG,Loverendale,Zutphen
8,7207PG,Loverendale,Zutphen
9,7207PG,Loverendale,Zutphen
11,7207PG,Loverendale,Zutphen
15,7207PG,Loverendale,Zutphen
23,7207PG,Loverendale,Zutphen
25,7207PG,Loverendale,Zutphen
29,7207PG,Loverendale,Zutphen
31,7207PG,Loverendale,Zutphen
34,7207PG,Loverendale,Zutphen
35,7207PG,Loverendale,Zutphen
36,7207PG,Loverendale,Zutphen
38,7207PG,Loverendale,Zutphen
38,7204CV,Paulus Potterstraat,Zutphen
10,7207RJ,Hemmingstraat,Zutphen
12,7207RJ,Hemmingstraat,Zutphen
5,7207RH,Laan van de Highlanders,Zutphen
31,7207RH,Laan van de Highlanders,Zutphen
29,7201GM,Badhuisweg,Zutphen
31,7201GM,Badhuisweg,Zutphen
41,7201GM,Badhuisweg,Zutphen
20,7207PT,Bernard Lievegoedstraat,Zutphen
22,7207PT,Bernard Lievegoedstraat,Zutphen
24,7207PT,Bernard Lievegoedstraat,Zutphen
26,7207PT,Bernard Lievegoedstraat,Zutphen
28,7207PT,Bernard Lievegoedstraat,Zutphen
30,7207PT,Bernard Lievegoedstraat,Zutphen
32,7207PT,Bernard Lievegoedstraat,Zutphen
34,7207PT,Bernard Lievegoedstraat,Zutphen
36,7207PT,Bernard Lievegoedstraat,Zutphen
38,7207PT,Bernard Lievegoedstraat,Zutphen
40,7207PT,Bernard Lievegoedstraat,Zutphen
42,7207PT,Bernard Lievegoedstraat,Zutphen
44,7207PT,Bernard Lievegoedstraat,Zutphen
46,7207PT,Bernard Lievegoedstraat,Zutphen
48,7207PT,Bernard Lievegoedstraat,Zutphen
50,7207PT,Bernard Lievegoedstraat,Zutphen
52,7207PT,Bernard Lievegoedstraat,Zutphen
54,7207PT,Bernard Lievegoedstraat,Zutphen
56,7207PT,Bernard Lievegoedstraat,Zutphen
58,7207PW,Bernard Lievegoedstraat,Zutphen
60,7207PW,Bernard Lievegoedstraat,Zutphen
62,7207PW,Bernard Lievegoedstraat,Zutphen
64,7207PW,Bernard Lievegoedstraat,Zutphen
66,7207PW,Bernard Lievegoedstraat,Zutphen
68,7207PW,Bernard Lievegoedstraat,Zutphen
70,7207PW,Bernard Lievegoedstraat,Zutphen
72,7207PW,Bernard Lievegoedstraat,Zutphen
74,7207PW,Bernard Lievegoedstraat,Zutphen
76,7207PW,Bernard Lievegoedstraat,Zutphen
78,7207PW,Bernard Lievegoedstraat,Zutphen
80,7207PW,Bernard Lievegoedstraat,Zutphen
82,7207PW,Bernard Lievegoedstraat,Zutphen
84,7207PW,Bernard Lievegoedstraat,Zutphen
86,7207PW,Bernard Lievegoedstraat,Zutphen
88,7207PW,Bernard Lievegoedstraat,Zutphen
90,7207PW,Bernard Lievegoedstraat,Zutphen
92,7207PW,Bernard Lievegoedstraat,Zutphen
94,7207PW,Bernard Lievegoedstraat,Zutphen
96,7207PW,Bernard Lievegoedstraat,Zutphen
98,7207PW,Bernard Lievegoedstraat,Zutphen
100,7207PW,Bernard Lievegoedstraat,Zutphen
102,7207PW,Bernard Lievegoedstraat,Zutphen
104,7207PW,Bernard Lievegoedstraat,Zutphen
106,7207PW,Bernard Lievegoedstraat,Zutphen
108,7207PW,Bernard Lievegoedstraat,Zutphen
12,7205BD,Molenweg,Zutphen
14,7205BD,Molenweg,Zutphen
16,7205BD,Molenweg,Zutphen
18,7205BD,Molenweg,Zutphen
20,7205BD,Molenweg,Zutphen
22,7205BD,Molenweg,Zutphen
236,7206GN,De Waarden,Zutphen
238,7206GN,De Waarden,Zutphen
242,7206GN,De Waarden,Zutphen
10,7207PG,Loverendale,Zutphen
12,7207PG,Loverendale,Zutphen
14,7207PG,Loverendale,Zutphen
16,7207PG,Loverendale,Zutphen
18,7207PG,Loverendale,Zutphen
20,7207PG,Loverendale,Zutphen
22,7207PG,Loverendale,Zutphen
24,7207PG,Loverendale,Zutphen
26,7207PG,Loverendale,Zutphen
28,7207PG,Loverendale,Zutphen
1,7202BT,Zonnehorst,Zutphen
1,7207BT,Zonnehorst,Zutphen
6,7207PG,Loverendale,Zutphen
4,7202AG,Dreef,Zutphen
11,7205EA,Kleine Tonge,Zutphen
13,7205EA,Kleine Tonge,Zutphen
15,7205EA,Kleine Tonge,Zutphen
17,7205EA,Kleine Tonge,Zutphen
19,7205EA,Kleine Tonge,Zutphen
21,7205EA,Kleine Tonge,Zutphen
25,7205EA,Kleine Tonge,Zutphen
27,7205EA,Kleine Tonge,Zutphen
29,7205EA,Kleine Tonge,Zutphen
31,7205EA,Kleine Tonge,Zutphen
33,7205EA,Kleine Tonge,Zutphen
35,7205EA,Kleine Tonge,Zutphen
19,7207PG,Loverendale,Zutphen
1,7207PG,Loverendale,Zutphen
19,7202BT,Zonnehorst,Zutphen
19,7207BT,Zonnehorst,Zutphen
32,7205BD,Molenweg,Zutphen
8,7202AG,Dreef,Zutphen
2,7207PG,Loverendale,Zutphen
14,7205EB,Kleine Tonge,Zutphen
16,7205EB,Kleine Tonge,Zutphen
18,7205EB,Kleine Tonge,Zutphen
20,7205EB,Kleine Tonge,Zutphen
22,7205EB,Kleine Tonge,Zutphen
24,7205EB,Kleine Tonge,Zutphen
26,7205EB,Kleine Tonge,Zutphen
28,7205EB,Kleine Tonge,Zutphen
37,7207PG,Loverendale,Zutphen
33,7207PG,Loverendale,Zutphen
5,7207PG,Loverendale,Zutphen
27,7207PG,Loverendale,Zutphen
10,7202AG,Dreef,Zutphen
32,7207PG,Loverendale,Zutphen
30,7207PG,Loverendale,Zutphen
21,7207PG,Loverendale,Zutphen
17,7207PG,Loverendale,Zutphen
1,7201CR,Donkeresteeg,Zutphen
33,7207RH,Laan van de Highlanders,Zutphen
23,7205EA,Kleine Tonge,Zutphen
33,7201GM,Badhuisweg,Zutphen
39,7207PG,Loverendale,Zutphen
42,7204CV,Paulus Potterstraat,Zutphen
3,7207RH,Laan van de Highlanders,Zutphen
3,7207PG,Loverendale,Zutphen
13,7207PG,Loverendale,Zutphen
35,7201GM,Badhuisweg,Zutphen
26,7205BD,Molenweg,Zutphen
28,7205BD,Molenweg,Zutphen
30,7205BD,Molenweg,Zutphen
5,7202CW,Sontstraat,Zutphen
1,7201EX,Korenstraat,Zutphen
3,7201EX,Korenstraat,Zutphen
5,7201EX,Korenstraat,Zutphen
9,7201EX,Korenstraat,Zutphen
11,7201EX,Korenstraat,Zutphen
13,7201EX,Korenstraat,Zutphen
15,7201EX,Korenstraat,Zutphen
17,7201EX,Korenstraat,Zutphen
21,7201EX,Korenstraat,Zutphen
23,7201EX,Korenstraat,Zutphen
25,7201EX,Korenstraat,Zutphen
27,7201EX,Korenstraat,Zutphen
29,7201EX,Korenstraat,Zutphen
10,7201HN,Waterstraat,Zutphen
240,7206GN,De Waarden,Zutphen
22,7201EZ,Hamersplaats,Zutphen
24,7201EZ,Hamersplaats,Zutphen
4,7207RP,Canadasingel,Zutphen
4,7207RM,Hawkinsstraat,Zutphen
6,7207RM,Hawkinsstraat,Zutphen
8,7207RM,Hawkinsstraat,Zutphen
10,7207RM,Hawkinsstraat,Zutphen
12,7207RM,Hawkinsstraat,Zutphen
14,7207RM,Hawkinsstraat,Zutphen
16,7207RM,Hawkinsstraat,Zutphen
18,7207RM,Hawkinsstraat,Zutphen
20,7207RM,Hawkinsstraat,Zutphen
22,7207RM,Hawkinsstraat,Zutphen
24,7207RM,Hawkinsstraat,Zutphen
34,7207RM,Hawkinsstraat,Zutphen
36,7207RM,Hawkinsstraat,Zutphen
38,7207RM,Hawkinsstraat,Zutphen
44,7207RM,Hawkinsstraat,Zutphen
46,7207RM,Hawkinsstraat,Zutphen
48,7207RM,Hawkinsstraat,Zutphen
50,7207RM,Hawkinsstraat,Zutphen
52,7207RM,Hawkinsstraat,Zutphen
54,7207RM,Hawkinsstraat,Zutphen
56,7207RM,Hawkinsstraat,Zutphen
58,7207RM,Hawkinsstraat,Zutphen
60,7207RM,Hawkinsstraat,Zutphen
1,7207RL,Hemmingstraat,Zutphen
3,7207RL,Hemmingstraat,Zutphen
5,7207RL,Hemmingstraat,Zutphen
7,7207RL,Hemmingstraat,Zutphen
11,7207RL,Hemmingstraat,Zutphen
13,7207RL,Hemmingstraat,Zutphen
19,7207RL,Hemmingstraat,Zutphen
21,7207RL,Hemmingstraat,Zutphen
27,7207RL,Hemmingstraat,Zutphen
29,7207RL,Hemmingstraat,Zutphen
31,7207RL,Hemmingstraat,Zutphen
33,7207RL,Hemmingstraat,Zutphen
35,7207RL,Hemmingstraat,Zutphen
37,7207RL,Hemmingstraat,Zutphen
39,7207RL,Hemmingstraat,Zutphen
41,7207RL,Hemmingstraat,Zutphen
43,7207RL,Hemmingstraat,Zutphen
45,7207RL,Hemmingstraat,Zutphen
47,7207RL,Hemmingstraat,Zutphen
49,7207RL,Hemmingstraat,Zutphen
26,7207RM,Hawkinsstraat,Zutphen
64,7204HE,Buitensingel,Zutphen
64,7204HG,Buitensingel,Zutphen
86,7205GM,Kanon,Zutphen
88,7205GM,Kanon,Zutphen
92,7205GM,Kanon,Zutphen
7,7207BP,Bettinkhorst,Zutphen
9,7207BP,Bettinkhorst,Zutphen
11,7207BP,Bettinkhorst,Zutphen
13,7207BP,Bettinkhorst,Zutphen
15,7207BP,Bettinkhorst,Zutphen
17,7207BP,Bettinkhorst,Zutphen
19,7207BP,Bettinkhorst,Zutphen
21,7207BP,Bettinkhorst,Zutphen
23,7207BP,Bettinkhorst,Zutphen
25,7207BP,Bettinkhorst,Zutphen
27,7207BP,Bettinkhorst,Zutphen
29,7207BP,Bettinkhorst,Zutphen
31,7207BP,Bettinkhorst,Zutphen
33,7207BP,Bettinkhorst,Zutphen
6,7202AG,Dreef,Zutphen
17,7207RL,Hemmingstraat,Zutphen
30,7207RM,Hawkinsstraat,Zutphen
2,7207RM,Hawkinsstraat,Zutphen
25,7207RL,Hemmingstraat,Zutphen
23,7207RL,Hemmingstraat,Zutphen
51,7207RL,Hemmingstraat,Zutphen
40,7207RM,Hawkinsstraat,Zutphen
42,7207RM,Hawkinsstraat,Zutphen
28,7207RM,Hawkinsstraat,Zutphen
9,7207RL,Hemmingstraat,Zutphen
15,7207RL,Hemmingstraat,Zutphen
32,7207RM,Hawkinsstraat,Zutphen
1,7204KZ,Harenbergweg,Zutphen
19,7201EX,Korenstraat,Zutphen
7,7201EX,Korenstraat,Zutphen
24,7207BN,Hekkehorst,Zutphen
4,7231RA,Boggelaar,Warnsveld
1,7207BH,Gelderhorst,Zutphen
14,7207RJ,Hemmingstraat,Zutphen
16,7207RJ,Hemmingstraat,Zutphen
32,7207RJ,Hemmingstraat,Zutphen
34,7207RJ,Hemmingstraat,Zutphen
36,7207RJ,Hemmingstraat,Zutphen
38,7207RJ,Hemmingstraat,Zutphen
54,7207RK,Hemmingstraat,Zutphen
56,7207RK,Hemmingstraat,Zutphen
7,7207RH,Laan van de Highlanders,Zutphen
35,7207RH,Laan van de Highlanders,Zutphen
75,7204PC,Verdistraat,Zutphen
77,7204PC,Verdistraat,Zutphen
79,7204PC,Verdistraat,Zutphen
81,7204PC,Verdistraat,Zutphen
83,7204PC,Verdistraat,Zutphen
85,7204PC,Verdistraat,Zutphen
87,7204PC,Verdistraat,Zutphen
89,7204PC,Verdistraat,Zutphen
91,7204PC,Verdistraat,Zutphen
93,7204PC,Verdistraat,Zutphen
95,7204PC,Verdistraat,Zutphen
97,7204PC,Verdistraat,Zutphen
99,7204PC,Verdistraat,Zutphen
101,7204PC,Verdistraat,Zutphen
103,7204PC,Verdistraat,Zutphen
105,7204PC,Verdistraat,Zutphen
107,7204PC,Verdistraat,Zutphen
109,7204PW,Verdistraat,Zutphen
111,7204PW,Verdistraat,Zutphen
113,7204PW,Verdistraat,Zutphen
115,7204PW,Verdistraat,Zutphen
117,7204PW,Verdistraat,Zutphen
119,7204PW,Verdistraat,Zutphen
121,7204PW,Verdistraat,Zutphen
123,7204PW,Verdistraat,Zutphen
125,7204PW,Verdistraat,Zutphen
127,7204PW,Verdistraat,Zutphen
129,7204PW,Verdistraat,Zutphen
131,7204PW,Verdistraat,Zutphen
133,7204PW,Verdistraat,Zutphen
135,7204PW,Verdistraat,Zutphen
137,7204PW,Verdistraat,Zutphen
139,7204PW,Verdistraat,Zutphen
141,7204PW,Verdistraat,Zutphen
143,7204PW,Verdistraat,Zutphen
145,7204PW,Verdistraat,Zutphen
147,7204PW,Verdistraat,Zutphen
149,7204PW,Verdistraat,Zutphen
151,7204PW,Verdistraat,Zutphen
153,7204PW,Verdistraat,Zutphen
155,7204PW,Verdistraat,Zutphen
157,7204PW,Verdistraat,Zutphen
159,7204PW,Verdistraat,Zutphen
161,7204PW,Verdistraat,Zutphen
163,7204PW,Verdistraat,Zutphen
165,7204PW,Verdistraat,Zutphen
167,7204PW,Verdistraat,Zutphen
169,7204PW,Verdistraat,Zutphen
171,7204PW,Verdistraat,Zutphen
173,7204PW,Verdistraat,Zutphen
175,7204PW,Verdistraat,Zutphen
177,7204PW,Verdistraat,Zutphen
179,7204PW,Verdistraat,Zutphen
181,7204PW,Verdistraat,Zutphen
183,7204PW,Verdistraat,Zutphen
185,7204PW,Verdistraat,Zutphen
187,7204PW,Verdistraat,Zutphen
189,7204PW,Verdistraat,Zutphen
191,7204PW,Verdistraat,Zutphen
193,7204PW,Verdistraat,Zutphen
195,7204PW,Verdistraat,Zutphen
197,7204PW,Verdistraat,Zutphen
199,7204PW,Verdistraat,Zutphen
201,7204PW,Verdistraat,Zutphen
203,7204PW,Verdistraat,Zutphen
205,7204PX,Verdistraat,Zutphen
207,7204PX,Verdistraat,Zutphen
209,7204PX,Verdistraat,Zutphen
211,7204PX,Verdistraat,Zutphen
213,7204PX,Verdistraat,Zutphen
215,7204PX,Verdistraat,Zutphen
217,7204PX,Verdistraat,Zutphen
219,7204PX,Verdistraat,Zutphen
221,7204PX,Verdistraat,Zutphen
223,7204PX,Verdistraat,Zutphen
225,7204PX,Verdistraat,Zutphen
227,7204PX,Verdistraat,Zutphen
229,7204PX,Verdistraat,Zutphen
231,7204PX,Verdistraat,Zutphen
233,7204PX,Verdistraat,Zutphen
235,7204PX,Verdistraat,Zutphen
237,7204PX,Verdistraat,Zutphen
239,7204PX,Verdistraat,Zutphen
241,7204PX,Verdistraat,Zutphen
243,7204PX,Verdistraat,Zutphen
245,7204PX,Verdistraat,Zutphen
247,7204PX,Verdistraat,Zutphen
249,7204PX,Verdistraat,Zutphen
251,7204PX,Verdistraat,Zutphen
253,7204PX,Verdistraat,Zutphen
255,7204PX,Verdistraat,Zutphen
257,7204PX,Verdistraat,Zutphen
259,7204PX,Verdistraat,Zutphen
261,7204PX,Verdistraat,Zutphen
263,7204PX,Verdistraat,Zutphen
265,7204PX,Verdistraat,Zutphen
267,7204PX,Verdistraat,Zutphen
269,7204PX,Verdistraat,Zutphen
271,7204PX,Verdistraat,Zutphen
273,7204PX,Verdistraat,Zutphen
275,7204PX,Verdistraat,Zutphen
277,7204PX,Verdistraat,Zutphen
279,7204PX,Verdistraat,Zutphen
281,7204PX,Verdistraat,Zutphen
283,7204PX,Verdistraat,Zutphen
285,7204PX,Verdistraat,Zutphen
4,7207BT,Zonnehorst,Zutphen
1,7232CV,Ooyerdreef,Warnsveld
3,7232CV,Ooyerdreef,Warnsveld
5,7232CV,Ooyerdreef,Warnsveld
7,7232CV,Ooyerdreef,Warnsveld
9,7232CV,Ooyerdreef,Warnsveld
11,7232CV,Ooyerdreef,Warnsveld
13,7232CV,Ooyerdreef,Warnsveld
15,7232CV,Ooyerdreef,Warnsveld
17,7232CV,Ooyerdreef,Warnsveld
19,7232CV,Ooyerdreef,Warnsveld
21,7232CV,Ooyerdreef,Warnsveld
23,7232CV,Ooyerdreef,Warnsveld
25,7232CV,Ooyerdreef,Warnsveld
27,7232CV,Ooyerdreef,Warnsveld
29,7232CV,Ooyerdreef,Warnsveld
31,7232CV,Ooyerdreef,Warnsveld
33,7232CV,Ooyerdreef,Warnsveld
35,7232CV,Ooyerdreef,Warnsveld
37,7232CV,Ooyerdreef,Warnsveld
39,7232CV,Ooyerdreef,Warnsveld
41,7232CV,Ooyerdreef,Warnsveld
43,7232CV,Ooyerdreef,Warnsveld
45,7232CV,Ooyerdreef,Warnsveld
47,7232CV,Ooyerdreef,Warnsveld
49,7232CV,Ooyerdreef,Warnsveld
51,7232CV,Ooyerdreef,Warnsveld
53,7232CV,Ooyerdreef,Warnsveld
55,7232CV,Ooyerdreef,Warnsveld
57,7232CV,Ooyerdreef,Warnsveld
59,7232CV,Ooyerdreef,Warnsveld
