48,2263HX,Dillenburgsingel,Leidschendam
49,2263HW,Dillenburgsingel,Leidschendam
50,2263HX,Dillenburgsingel,Leidschendam
51,2263HW,Dillenburgsingel,Leidschendam
73,2272VR,Distelweide,Voorburg
75,2272VR,Distelweide,Voorburg
77,2272VR,Distelweide,Voorburg
79,2272VR,Distelweide,Voorburg
101,2272VS,Distelweide,Voorburg
103,2272VS,Distelweide,Voorburg
105,2272VS,Distelweide,Voorburg
60,2265DK,De Wickelaan,Leidschendam
61,2265DK,De Wickelaan,Leidschendam
62,2265DK,De Wickelaan,Leidschendam
63,2265DK,De Wickelaan,Leidschendam
64,2265DK,De Wickelaan,Leidschendam
65,2265DK,De Wickelaan,Leidschendam
67,2265DK,De Wickelaan,Leidschendam
69,2265DK,De Wickelaan,Leidschendam
71,2265DK,De Wickelaan,Leidschendam
1,2265VK,de Wiek,Leidschendam
2,2265VK,de Wiek,Leidschendam
3,2265VK,de Wiek,Leidschendam
4,2265VK,de Wiek,Leidschendam
1,2264TR,Diepenbrocklaan,Leidschendam
2,2264TR,Diepenbrocklaan,Leidschendam
3,2264TR,Diepenbrocklaan,Leidschendam
4,2264TR,Diepenbrocklaan,Leidschendam
5,2264TR,Diepenbrocklaan,Leidschendam
6,2264TR,Diepenbrocklaan,Leidschendam
8,2264TR,Diepenbrocklaan,Leidschendam
10,2264TR,Diepenbrocklaan,Leidschendam
13,2264TR,Diepenbrocklaan,Leidschendam
15,2264TR,Diepenbrocklaan,Leidschendam
17,2264TR,Diepenbrocklaan,Leidschendam
19,2264TR,Diepenbrocklaan,Leidschendam
1,2265VL,Dijkgraafstraat,Leidschendam
52,2263HZ,Dillenburgsingel,Leidschendam
53,2263HW,Dillenburgsingel,Leidschendam
54,2263HZ,Dillenburgsingel,Leidschendam
55,2263HW,Dillenburgsingel,Leidschendam
56,2263HZ,Dillenburgsingel,Leidschendam
57,2263HW,Dillenburgsingel,Leidschendam
58,2263HZ,Dillenburgsingel,Leidschendam
59,2263HW,Dillenburgsingel,Leidschendam
60,2263HZ,Dillenburgsingel,Leidschendam
61,2263HW,Dillenburgsingel,Leidschendam
62,2263HZ,Dillenburgsingel,Leidschendam
63,2263HW,Dillenburgsingel,Leidschendam
183,2266GV,Doctor van Noortstraat,Leidschendam
184,2266HC,Doctor van Noortstraat,Leidschendam
186,2266HC,Doctor van Noortstraat,Leidschendam
187,2266GV,Doctor van Noortstraat,Leidschendam
188,2266HC,Doctor van Noortstraat,Leidschendam
189,2266GV,Doctor van Noortstraat,Leidschendam
190,2266HC,Doctor van Noortstraat,Leidschendam
191,2266GV,Doctor van Noortstraat,Leidschendam
192,2266HC,Doctor van Noortstraat,Leidschendam
46,2265BJ,Dokter Perquinstraat,Leidschendam
1,2265BC,Dokter Van der Stamstraat,Leidschendam
4,2265BC,Dokter Van der Stamstraat,Leidschendam
123,2265BS,Dokter Van Ledestraat,Leidschendam
124,2265BS,Dokter Van Ledestraat,Leidschendam
125,2265BS,Dokter Van Ledestraat,Leidschendam
126,2265BS,Dokter Van Ledestraat,Leidschendam
127,2265BS,Dokter Van Ledestraat,Leidschendam
128,2265BS,Dokter Van Ledestraat,Leidschendam
129,2265BS,Dokter Van Ledestraat,Leidschendam
130,2265BS,Dokter Van Ledestraat,Leidschendam
131,2265BS,Dokter Van Ledestraat,Leidschendam
132,2265BS,Dokter Van Ledestraat,Leidschendam
133,2265BS,Dokter Van Ledestraat,Leidschendam
134,2265BS,Dokter Van Ledestraat,Leidschendam
35,2273ED,Dormaellaan,Voorburg
37,2273ED,Dormaellaan,Voorburg
39,2273ED,Dormaellaan,Voorburg
41,2273ED,Dormaellaan,Voorburg
43,2273ED,Dormaellaan,Voorburg
45,2273ED,Dormaellaan,Voorburg
47,2273ED,Dormaellaan,Voorburg
49,2273ED,Dormaellaan,Voorburg
1,2266MA,Dotterbloem,Leidschendam
2,2266MA,Dotterbloem,Leidschendam
3,2266MA,Dotterbloem,Leidschendam
4,2266MA,Dotterbloem,Leidschendam
5,2266MA,Dotterbloem,Leidschendam
6,2266MA,Dotterbloem,Leidschendam
7,2266MA,Dotterbloem,Leidschendam
8,2266MA,Dotterbloem,Leidschendam
9,2266MA,Dotterbloem,Leidschendam
10,2266MA,Dotterbloem,Leidschendam
11,2266MA,Dotterbloem,Leidschendam
12,2266MA,Dotterbloem,Leidschendam
13,2266MA,Dotterbloem,Leidschendam
15,2266MA,Dotterbloem,Leidschendam
19,2266MA,Dotterbloem,Leidschendam
21,2266MA,Dotterbloem,Leidschendam
23,2266MA,Dotterbloem,Leidschendam
25,2266MA,Dotterbloem,Leidschendam
27,2266MA,Dotterbloem,Leidschendam
29,2266MA,Dotterbloem,Leidschendam
33,2266MA,Dotterbloem,Leidschendam
35,2266MA,Dotterbloem,Leidschendam
37,2266MA,Dotterbloem,Leidschendam
39,2266MA,Dotterbloem,Leidschendam
41,2266MA,Dotterbloem,Leidschendam
43,2266MA,Dotterbloem,Leidschendam
45,2266MA,Dotterbloem,Leidschendam
47,2266MA,Dotterbloem,Leidschendam
49,2266MA,Dotterbloem,Leidschendam
51,2266MA,Dotterbloem,Leidschendam
53,2266MA,Dotterbloem,Leidschendam
55,2266MA,Dotterbloem,Leidschendam
57,2266MA,Dotterbloem,Leidschendam
1,2273SN,Douwes Dekkerstraat,Voorburg
2,2273ST,Douwes Dekkerstraat,Voorburg
3,2273SN,Douwes Dekkerstraat,Voorburg
4,2273ST,Douwes Dekkerstraat,Voorburg
5,2273SN,Douwes Dekkerstraat,Voorburg
6,2273ST,Douwes Dekkerstraat,Voorburg
7,2273SN,Douwes Dekkerstraat,Voorburg
8,2273ST,Douwes Dekkerstraat,Voorburg
9,2273SN,Douwes Dekkerstraat,Voorburg
10,2273ST,Douwes Dekkerstraat,Voorburg
11,2273SN,Douwes Dekkerstraat,Voorburg
12,2273ST,Douwes Dekkerstraat,Voorburg
13,2273SN,Douwes Dekkerstraat,Voorburg
14,2273ST,Douwes Dekkerstraat,Voorburg
15,2273SN,Douwes Dekkerstraat,Voorburg
16,2273ST,Douwes Dekkerstraat,Voorburg
17,2273SN,Douwes Dekkerstraat,Voorburg
18,2273ST,Douwes Dekkerstraat,Voorburg
19,2273SN,Douwes Dekkerstraat,Voorburg
20,2273ST,Douwes Dekkerstraat,Voorburg
21,2273SN,Douwes Dekkerstraat,Voorburg
22,2273ST,Douwes Dekkerstraat,Voorburg
23,2273SN,Douwes Dekkerstraat,Voorburg
24,2273ST,Douwes Dekkerstraat,Voorburg
25,2273SN,Douwes Dekkerstraat,Voorburg
26,2273ST,Douwes Dekkerstraat,Voorburg
27,2273SN,Douwes Dekkerstraat,Voorburg
28,2273ST,Douwes Dekkerstraat,Voorburg
29,2273SN,Douwes Dekkerstraat,Voorburg
30,2273ST,Douwes Dekkerstraat,Voorburg
31,2273SN,Douwes Dekkerstraat,Voorburg
32,2273ST,Douwes Dekkerstraat,Voorburg
33,2273SN,Douwes Dekkerstraat,Voorburg
34,2273ST,Douwes Dekkerstraat,Voorburg
35,2273SN,Douwes Dekkerstraat,Voorburg
36,2273ST,Douwes Dekkerstraat,Voorburg
37,2273SN,Douwes Dekkerstraat,Voorburg
38,2273ST,Douwes Dekkerstraat,Voorburg
39,2273SN,Douwes Dekkerstraat,Voorburg
40,2273ST,Douwes Dekkerstraat,Voorburg
41,2273SN,Douwes Dekkerstraat,Voorburg
42,2273ST,Douwes Dekkerstraat,Voorburg
43,2273SN,Douwes Dekkerstraat,Voorburg
45,2273SN,Douwes Dekkerstraat,Voorburg
47,2273SN,Douwes Dekkerstraat,Voorburg
49,2273SP,Douwes Dekkerstraat,Voorburg
51,2273SP,Douwes Dekkerstraat,Voorburg
53,2273SP,Douwes Dekkerstraat,Voorburg
55,2273SP,Douwes Dekkerstraat,Voorburg
57,2273SP,Douwes Dekkerstraat,Voorburg
59,2273SP,Douwes Dekkerstraat,Voorburg
61,2273SP,Douwes Dekkerstraat,Voorburg
63,2273SP,Douwes Dekkerstraat,Voorburg
65,2273SP,Douwes Dekkerstraat,Voorburg
67,2273SP,Douwes Dekkerstraat,Voorburg
69,2273SP,Douwes Dekkerstraat,Voorburg
71,2273SP,Douwes Dekkerstraat,Voorburg
73,2273SP,Douwes Dekkerstraat,Voorburg
77,2273SP,Douwes Dekkerstraat,Voorburg
79,2273SP,Douwes Dekkerstraat,Voorburg
81,2273SP,Douwes Dekkerstraat,Voorburg
83,2273SP,Douwes Dekkerstraat,Voorburg
85,2273SP,Douwes Dekkerstraat,Voorburg
87,2273SP,Douwes Dekkerstraat,Voorburg
89,2273SP,Douwes Dekkerstraat,Voorburg
91,2273SP,Douwes Dekkerstraat,Voorburg
93,2273SP,Douwes Dekkerstraat,Voorburg
95,2273SP,Douwes Dekkerstraat,Voorburg
97,2273SP,Douwes Dekkerstraat,Voorburg
99,2273SP,Douwes Dekkerstraat,Voorburg
101,2273SR,Douwes Dekkerstraat,Voorburg
103,2273SR,Douwes Dekkerstraat,Voorburg
105,2273SR,Douwes Dekkerstraat,Voorburg
107,2273SR,Douwes Dekkerstraat,Voorburg
109,2273SR,Douwes Dekkerstraat,Voorburg
111,2273SR,Douwes Dekkerstraat,Voorburg
113,2273SR,Douwes Dekkerstraat,Voorburg
115,2273SR,Douwes Dekkerstraat,Voorburg
117,2273SR,Douwes Dekkerstraat,Voorburg
119,2273SR,Douwes Dekkerstraat,Voorburg
121,2273SR,Douwes Dekkerstraat,Voorburg
123,2273SR,Douwes Dekkerstraat,Voorburg
125,2273SR,Douwes Dekkerstraat,Voorburg
127,2273SR,Douwes Dekkerstraat,Voorburg
129,2273SR,Douwes Dekkerstraat,Voorburg
131,2273SR,Douwes Dekkerstraat,Voorburg
133,2273SR,Douwes Dekkerstraat,Voorburg
135,2273SR,Douwes Dekkerstraat,Voorburg
4,2272AJ,Dr Beguinlaan,Voorburg
6,2272AJ,Dr Beguinlaan,Voorburg
8,2272AJ,Dr Beguinlaan,Voorburg
10,2272AJ,Dr Beguinlaan,Voorburg
12,2272AJ,Dr Beguinlaan,Voorburg
14,2272AJ,Dr Beguinlaan,Voorburg
16,2272AJ,Dr Beguinlaan,Voorburg
18,2272AJ,Dr Beguinlaan,Voorburg
20,2272AJ,Dr Beguinlaan,Voorburg
22,2272AJ,Dr Beguinlaan,Voorburg
24,2272AJ,Dr Beguinlaan,Voorburg
26,2272AK,Dr Beguinlaan,Voorburg
28,2272AK,Dr Beguinlaan,Voorburg
30,2272AK,Dr Beguinlaan,Voorburg
32,2272AK,Dr Beguinlaan,Voorburg
34,2272AK,Dr Beguinlaan,Voorburg
36,2272AK,Dr Beguinlaan,Voorburg
38,2272AK,Dr Beguinlaan,Voorburg
40,2272AK,Dr Beguinlaan,Voorburg
42,2272AK,Dr Beguinlaan,Voorburg
44,2272AK,Dr Beguinlaan,Voorburg
46,2272AK,Dr Beguinlaan,Voorburg
48,2272AK,Dr Beguinlaan,Voorburg
50,2272AK,Dr Beguinlaan,Voorburg
52,2272AL,Dr Beguinlaan,Voorburg
54,2272AL,Dr Beguinlaan,Voorburg
56,2272AL,Dr Beguinlaan,Voorburg
58,2272AL,Dr Beguinlaan,Voorburg
60,2272AL,Dr Beguinlaan,Voorburg
62,2272AL,Dr Beguinlaan,Voorburg
64,2272AL,Dr Beguinlaan,Voorburg
66,2272AL,Dr Beguinlaan,Voorburg
68,2272AL,Dr Beguinlaan,Voorburg
70,2272AL,Dr Beguinlaan,Voorburg
72,2272AL,Dr Beguinlaan,Voorburg
7,2262AR,Duindoorn,Leidschendam
8,2262AR,Duindoorn,Leidschendam
9,2262AR,Duindoorn,Leidschendam
10,2262AR,Duindoorn,Leidschendam
11,2262AR,Duindoorn,Leidschendam
12,2262AR,Duindoorn,Leidschendam
13,2262AR,Duindoorn,Leidschendam
30,2262AR,Duindoorn,Leidschendam
31,2262AR,Duindoorn,Leidschendam
32,2262AR,Duindoorn,Leidschendam
43,2262AR,Duindoorn,Leidschendam
1,2264LG,Duinmeierij,Leidschendam
3,2264LG,Duinmeierij,Leidschendam
4,2264LC,Duinmeierij,Leidschendam
5,2264LG,Duinmeierij,Leidschendam
6,2264LC,Duinmeierij,Leidschendam
7,2264LG,Duinmeierij,Leidschendam
8,2264LC,Duinmeierij,Leidschendam
9,2264LG,Duinmeierij,Leidschendam
10,2264LC,Duinmeierij,Leidschendam
11,2264LG,Duinmeierij,Leidschendam
74,2272AL,Dr Beguinlaan,Voorburg
76,2272AL,Dr Beguinlaan,Voorburg
2,2275TP,Ds Veldhoenlaan,Voorburg
4,2275TP,Ds Veldhoenlaan,Voorburg
6,2275TP,Ds Veldhoenlaan,Voorburg
8,2275TP,Ds Veldhoenlaan,Voorburg
10,2275TP,Ds Veldhoenlaan,Voorburg
12,2275TP,Ds Veldhoenlaan,Voorburg
14,2275TP,Ds Veldhoenlaan,Voorburg
16,2275TP,Ds Veldhoenlaan,Voorburg
3,2262AR,Duindoorn,Leidschendam
5,2262AR,Duindoorn,Leidschendam
66,2266GZ,Doctor van Noortstraat,Leidschendam
67,2266GT,Doctor van Noortstraat,Leidschendam
68,2266GZ,Doctor van Noortstraat,Leidschendam
69,2266GT,Doctor van Noortstraat,Leidschendam
70,2266HA,Doctor van Noortstraat,Leidschendam
72,2266HA,Doctor van Noortstraat,Leidschendam
73,2266GT,Doctor van Noortstraat,Leidschendam
74,2266HA,Doctor van Noortstraat,Leidschendam
75,2266GT,Doctor van Noortstraat,Leidschendam
76,2266HA,Doctor van Noortstraat,Leidschendam
78,2266HA,Doctor van Noortstraat,Leidschendam
193,2266GV,Doctor van Noortstraat,Leidschendam
194,2266HC,Doctor van Noortstraat,Leidschendam
195,2266GV,Doctor van Noortstraat,Leidschendam
196,2266HC,Doctor van Noortstraat,Leidschendam
197,2266GV,Doctor van Noortstraat,Leidschendam
198,2266HC,Doctor van Noortstraat,Leidschendam
199,2266GV,Doctor van Noortstraat,Leidschendam
200,2266HC,Doctor van Noortstraat,Leidschendam
202,2266HC,Doctor van Noortstraat,Leidschendam
204,2266HC,Doctor van Noortstraat,Leidschendam
205,2266GV,Doctor van Noortstraat,Leidschendam
1,2265BP,Dokter Van Ledestraat,Leidschendam
2,2265BP,Dokter Van Ledestraat,Leidschendam
3,2265BP,Dokter Van Ledestraat,Leidschendam
4,2265BP,Dokter Van Ledestraat,Leidschendam
5,2265BP,Dokter Van Ledestraat,Leidschendam
6,2265BP,Dokter Van Ledestraat,Leidschendam
7,2265BP,Dokter Van Ledestraat,Leidschendam
8,2265BP,Dokter Van Ledestraat,Leidschendam
9,2265BP,Dokter Van Ledestraat,Leidschendam
135,2265BS,Dokter Van Ledestraat,Leidschendam
136,2265BS,Dokter Van Ledestraat,Leidschendam
137,2265BS,Dokter Van Ledestraat,Leidschendam
138,2265BS,Dokter Van Ledestraat,Leidschendam
139,2265BS,Dokter Van Ledestraat,Leidschendam
140,2265BS,Dokter Van Ledestraat,Leidschendam
141,2265BS,Dokter Van Ledestraat,Leidschendam
142,2265BS,Dokter Van Ledestraat,Leidschendam
143,2265BS,Dokter Van Ledestraat,Leidschendam
144,2265BS,Dokter Van Ledestraat,Leidschendam
145,2265BS,Dokter Van Ledestraat,Leidschendam
1,2265BD,Dokter Van Zeelandstraat,Leidschendam
79,2266GT,Doctor van Noortstraat,Leidschendam
80,2266HA,Doctor van Noortstraat,Leidschendam
81,2266GT,Doctor van Noortstraat,Leidschendam
82,2266HA,Doctor van Noortstraat,Leidschendam
83,2266GT,Doctor van Noortstraat,Leidschendam
84,2266HA,Doctor van Noortstraat,Leidschendam
85,2266GT,Doctor van Noortstraat,Leidschendam
86,2266HA,Doctor van Noortstraat,Leidschendam
87,2266GT,Doctor van Noortstraat,Leidschendam
206,2266HC,Doctor van Noortstraat,Leidschendam
208,2266HC,Doctor van Noortstraat,Leidschendam
210,2266HC,Doctor van Noortstraat,Leidschendam
212,2266HC,Doctor van Noortstraat,Leidschendam
214,2266HC,Doctor van Noortstraat,Leidschendam
2,2265BL,Dokter Huijserstraat,Leidschendam
4,2265BL,Dokter Huijserstraat,Leidschendam
6,2265BL,Dokter Huijserstraat,Leidschendam
8,2265BL,Dokter Huijserstraat,Leidschendam
10,2265BL,Dokter Huijserstraat,Leidschendam
12,2265BL,Dokter Huijserstraat,Leidschendam
14,2265BL,Dokter Huijserstraat,Leidschendam
10,2265BP,Dokter Van Ledestraat,Leidschendam
11,2265BP,Dokter Van Ledestraat,Leidschendam
12,2265BP,Dokter Van Ledestraat,Leidschendam
13,2265BP,Dokter Van Ledestraat,Leidschendam
14,2265BP,Dokter Van Ledestraat,Leidschendam
15,2265BP,Dokter Van Ledestraat,Leidschendam
16,2265BP,Dokter Van Ledestraat,Leidschendam
17,2265BP,Dokter Van Ledestraat,Leidschendam
18,2265BP,Dokter Van Ledestraat,Leidschendam
19,2265BP,Dokter Van Ledestraat,Leidschendam
20,2265BP,Dokter Van Ledestraat,Leidschendam
1,2261XA,Doornenburg,Leidschendam
2,2261XA,Doornenburg,Leidschendam
3,2261XA,Doornenburg,Leidschendam
4,2261XA,Doornenburg,Leidschendam
5,2261XA,Doornenburg,Leidschendam
6,2261XA,Doornenburg,Leidschendam
7,2261XA,Doornenburg,Leidschendam
8,2261XA,Doornenburg,Leidschendam
9,2261XA,Doornenburg,Leidschendam
10,2261XA,Doornenburg,Leidschendam
11,2261XA,Doornenburg,Leidschendam
12,2261XA,Doornenburg,Leidschendam
13,2261XA,Doornenburg,Leidschendam
88,2266HA,Doctor van Noortstraat,Leidschendam
89,2266GT,Doctor van Noortstraat,Leidschendam
90,2266HA,Doctor van Noortstraat,Leidschendam
91,2266GT,Doctor van Noortstraat,Leidschendam
92,2266HA,Doctor van Noortstraat,Leidschendam
93,2266GT,Doctor van Noortstraat,Leidschendam
94,2266HA,Doctor van Noortstraat,Leidschendam
95,2266GT,Doctor van Noortstraat,Leidschendam
16,2265BL,Dokter Huijserstraat,Leidschendam
18,2265BL,Dokter Huijserstraat,Leidschendam
20,2265BL,Dokter Huijserstraat,Leidschendam
22,2265BL,Dokter Huijserstraat,Leidschendam
24,2265BL,Dokter Huijserstraat,Leidschendam
26,2265BL,Dokter Huijserstraat,Leidschendam
28,2265BL,Dokter Huijserstraat,Leidschendam
30,2265BL,Dokter Huijserstraat,Leidschendam
32,2265BL,Dokter Huijserstraat,Leidschendam
34,2265BL,Dokter Huijserstraat,Leidschendam
36,2265BL,Dokter Huijserstraat,Leidschendam
38,2265BL,Dokter Huijserstraat,Leidschendam
21,2265BP,Dokter Van Ledestraat,Leidschendam
22,2265BP,Dokter Van Ledestraat,Leidschendam
23,2265BP,Dokter Van Ledestraat,Leidschendam
24,2265BP,Dokter Van Ledestraat,Leidschendam
25,2265BP,Dokter Van Ledestraat,Leidschendam
26,2265BP,Dokter Van Ledestraat,Leidschendam
27,2265BP,Dokter Van Ledestraat,Leidschendam
28,2265BP,Dokter Van Ledestraat,Leidschendam
29,2265BP,Dokter Van Ledestraat,Leidschendam
30,2265BP,Dokter Van Ledestraat,Leidschendam
31,2265BP,Dokter Van Ledestraat,Leidschendam
14,2261XA,Doornenburg,Leidschendam
15,2261XA,Doornenburg,Leidschendam
16,2261XA,Doornenburg,Leidschendam
17,2261XA,Doornenburg,Leidschendam
18,2261XA,Doornenburg,Leidschendam
19,2261XA,Doornenburg,Leidschendam
20,2261XA,Doornenburg,Leidschendam
21,2261XB,Doornenburg,Leidschendam
22,2261XB,Doornenburg,Leidschendam
23,2261XB,Doornenburg,Leidschendam
24,2261XB,Doornenburg,Leidschendam
25,2261XB,Doornenburg,Leidschendam
26,2261XB,Doornenburg,Leidschendam
97,2266GT,Doctor van Noortstraat,Leidschendam
98,2266HA,Doctor van Noortstraat,Leidschendam
99,2266GT,Doctor van Noortstraat,Leidschendam
100,2266HA,Doctor van Noortstraat,Leidschendam
102,2266HA,Doctor van Noortstraat,Leidschendam
103,2266GV,Doctor van Noortstraat,Leidschendam
104,2266HA,Doctor van Noortstraat,Leidschendam
105,2266GV,Doctor van Noortstraat,Leidschendam
106,2266HA,Doctor van Noortstraat,Leidschendam
107,2266GV,Doctor van Noortstraat,Leidschendam
40,2265BL,Dokter Huijserstraat,Leidschendam
42,2265BL,Dokter Huijserstraat,Leidschendam
44,2265BL,Dokter Huijserstraat,Leidschendam
46,2265BL,Dokter Huijserstraat,Leidschendam
48,2265BL,Dokter Huijserstraat,Leidschendam
50,2265BL,Dokter Huijserstraat,Leidschendam
52,2265BL,Dokter Huijserstraat,Leidschendam
54,2265BL,Dokter Huijserstraat,Leidschendam
56,2265BL,Dokter Huijserstraat,Leidschendam
58,2265BL,Dokter Huijserstraat,Leidschendam
60,2265BM,Dokter Huijserstraat,Leidschendam
62,2265BM,Dokter Huijserstraat,Leidschendam
32,2265BP,Dokter Van Ledestraat,Leidschendam
33,2265BP,Dokter Van Ledestraat,Leidschendam
34,2265BP,Dokter Van Ledestraat,Leidschendam
35,2265BP,Dokter Van Ledestraat,Leidschendam
36,2265BP,Dokter Van Ledestraat,Leidschendam
37,2265BP,Dokter Van Ledestraat,Leidschendam
38,2265BP,Dokter Van Ledestraat,Leidschendam
39,2265BP,Dokter Van Ledestraat,Leidschendam
40,2265BP,Dokter Van Ledestraat,Leidschendam
41,2265BP,Dokter Van Ledestraat,Leidschendam
42,2265BP,Dokter Van Ledestraat,Leidschendam
27,2261XB,Doornenburg,Leidschendam
28,2261XB,Doornenburg,Leidschendam
29,2261XB,Doornenburg,Leidschendam
30,2261XB,Doornenburg,Leidschendam
31,2261XB,Doornenburg,Leidschendam
32,2261XB,Doornenburg,Leidschendam
33,2261XB,Doornenburg,Leidschendam
34,2261XB,Doornenburg,Leidschendam
35,2261XB,Doornenburg,Leidschendam
36,2261XB,Doornenburg,Leidschendam
37,2261XB,Doornenburg,Leidschendam
38,2261XB,Doornenburg,Leidschendam
39,2261XB,Doornenburg,Leidschendam
108,2266HA,Doctor van Noortstraat,Leidschendam
109,2266GV,Doctor van Noortstraat,Leidschendam
110,2266HA,Doctor van Noortstraat,Leidschendam
111,2266GV,Doctor van Noortstraat,Leidschendam
112,2266HA,Doctor van Noortstraat,Leidschendam
113,2266GV,Doctor van Noortstraat,Leidschendam
64,2265BM,Dokter Huijserstraat,Leidschendam
66,2265BM,Dokter Huijserstraat,Leidschendam
68,2265BM,Dokter Huijserstraat,Leidschendam
70,2265BM,Dokter Huijserstraat,Leidschendam
72,2265BM,Dokter Huijserstraat,Leidschendam
74,2265BM,Dokter Huijserstraat,Leidschendam
76,2265BM,Dokter Huijserstraat,Leidschendam
78,2265BM,Dokter Huijserstraat,Leidschendam
80,2265BM,Dokter Huijserstraat,Leidschendam
82,2265BM,Dokter Huijserstraat,Leidschendam
84,2265BM,Dokter Huijserstraat,Leidschendam
86,2265BM,Dokter Huijserstraat,Leidschendam
43,2265BP,Dokter Van Ledestraat,Leidschendam
44,2265BP,Dokter Van Ledestraat,Leidschendam
45,2265BP,Dokter Van Ledestraat,Leidschendam
46,2265BP,Dokter Van Ledestraat,Leidschendam
47,2265BP,Dokter Van Ledestraat,Leidschendam
48,2265BP,Dokter Van Ledestraat,Leidschendam
49,2265BP,Dokter Van Ledestraat,Leidschendam
50,2265BP,Dokter Van Ledestraat,Leidschendam
51,2265BP,Dokter Van Ledestraat,Leidschendam
52,2265BR,Dokter Van Ledestraat,Leidschendam
53,2265BR,Dokter Van Ledestraat,Leidschendam
40,2261XB,Doornenburg,Leidschendam
41,2261XB,Doornenburg,Leidschendam
42,2261XB,Doornenburg,Leidschendam
43,2261XC,Doornenburg,Leidschendam
44,2261XC,Doornenburg,Leidschendam
45,2261XC,Doornenburg,Leidschendam
46,2261XC,Doornenburg,Leidschendam
47,2261XC,Doornenburg,Leidschendam
48,2261XC,Doornenburg,Leidschendam
49,2261XC,Doornenburg,Leidschendam
50,2261XC,Doornenburg,Leidschendam
51,2261XC,Doornenburg,Leidschendam
52,2261XC,Doornenburg,Leidschendam
114,2266HA,Doctor van Noortstraat,Leidschendam
115,2266GV,Doctor van Noortstraat,Leidschendam
116,2266HB,Doctor van Noortstraat,Leidschendam
117,2266GV,Doctor van Noortstraat,Leidschendam
118,2266HB,Doctor van Noortstraat,Leidschendam
88,2265BM,Dokter Huijserstraat,Leidschendam
90,2265BM,Dokter Huijserstraat,Leidschendam
92,2265BM,Dokter Huijserstraat,Leidschendam
94,2265BM,Dokter Huijserstraat,Leidschendam
96,2265BM,Dokter Huijserstraat,Leidschendam
98,2265BM,Dokter Huijserstraat,Leidschendam
100,2265BM,Dokter Huijserstraat,Leidschendam
102,2265BM,Dokter Huijserstraat,Leidschendam
104,2265BM,Dokter Huijserstraat,Leidschendam
106,2265BM,Dokter Huijserstraat,Leidschendam
108,2265BM,Dokter Huijserstraat,Leidschendam
110,2265BM,Dokter Huijserstraat,Leidschendam
54,2265BR,Dokter Van Ledestraat,Leidschendam
55,2265BR,Dokter Van Ledestraat,Leidschendam
56,2265BR,Dokter Van Ledestraat,Leidschendam
57,2265BR,Dokter Van Ledestraat,Leidschendam
58,2265BR,Dokter Van Ledestraat,Leidschendam
59,2265BR,Dokter Van Ledestraat,Leidschendam
60,2265BR,Dokter Van Ledestraat,Leidschendam
61,2265BR,Dokter Van Ledestraat,Leidschendam
62,2265BR,Dokter Van Ledestraat,Leidschendam
63,2265BR,Dokter Van Ledestraat,Leidschendam
64,2265BR,Dokter Van Ledestraat,Leidschendam
53,2261XC,Doornenburg,Leidschendam
54,2261XC,Doornenburg,Leidschendam
55,2261XC,Doornenburg,Leidschendam
56,2261XC,Doornenburg,Leidschendam
57,2261XC,Doornenburg,Leidschendam
58,2261XC,Doornenburg,Leidschendam
59,2261XC,Doornenburg,Leidschendam
60,2261XC,Doornenburg,Leidschendam
61,2261XC,Doornenburg,Leidschendam
62,2261XC,Doornenburg,Leidschendam
63,2261XD,Doornenburg,Leidschendam
64,2261XD,Doornenburg,Leidschendam
65,2261XD,Doornenburg,Leidschendam
119,2266GV,Doctor van Noortstraat,Leidschendam
120,2266HB,Doctor van Noortstraat,Leidschendam
121,2266GV,Doctor van Noortstraat,Leidschendam
122,2266HB,Doctor van Noortstraat,Leidschendam
123,2266GV,Doctor van Noortstraat,Leidschendam
124,2266HB,Doctor van Noortstraat,Leidschendam
125,2266GV,Doctor van Noortstraat,Leidschendam
127,2266GV,Doctor van Noortstraat,Leidschendam
129,2266GV,Doctor van Noortstraat,Leidschendam
130,2266HB,Doctor van Noortstraat,Leidschendam
112,2265BM,Dokter Huijserstraat,Leidschendam
114,2265BM,Dokter Huijserstraat,Leidschendam
116,2265BM,Dokter Huijserstraat,Leidschendam
118,2265BN,Dokter Huijserstraat,Leidschendam
120,2265BN,Dokter Huijserstraat,Leidschendam
122,2265BN,Dokter Huijserstraat,Leidschendam
124,2265BN,Dokter Huijserstraat,Leidschendam
126,2265BN,Dokter Huijserstraat,Leidschendam
128,2265BN,Dokter Huijserstraat,Leidschendam
130,2265BN,Dokter Huijserstraat,Leidschendam
132,2265BN,Dokter Huijserstraat,Leidschendam
134,2265BN,Dokter Huijserstraat,Leidschendam
65,2265BR,Dokter Van Ledestraat,Leidschendam
66,2265BR,Dokter Van Ledestraat,Leidschendam
67,2265BR,Dokter Van Ledestraat,Leidschendam
68,2265BR,Dokter Van Ledestraat,Leidschendam
69,2265BR,Dokter Van Ledestraat,Leidschendam
70,2265BR,Dokter Van Ledestraat,Leidschendam
71,2265BR,Dokter Van Ledestraat,Leidschendam
72,2265BR,Dokter Van Ledestraat,Leidschendam
73,2265BR,Dokter Van Ledestraat,Leidschendam
74,2265BR,Dokter Van Ledestraat,Leidschendam
75,2265BR,Dokter Van Ledestraat,Leidschendam
66,2261XD,Doornenburg,Leidschendam
67,2261XD,Doornenburg,Leidschendam
68,2261XD,Doornenburg,Leidschendam
69,2261XD,Doornenburg,Leidschendam
70,2261XD,Doornenburg,Leidschendam
71,2261XD,Doornenburg,Leidschendam
72,2261XD,Doornenburg,Leidschendam
73,2261XD,Doornenburg,Leidschendam
74,2261XD,Doornenburg,Leidschendam
75,2261XD,Doornenburg,Leidschendam
76,2261XD,Doornenburg,Leidschendam
77,2261XD,Doornenburg,Leidschendam
78,2261XD,Doornenburg,Leidschendam
131,2266GV,Doctor van Noortstraat,Leidschendam
132,2266HB,Doctor van Noortstraat,Leidschendam
134,2266HB,Doctor van Noortstraat,Leidschendam
136,2266HB,Doctor van Noortstraat,Leidschendam
137,2266GV,Doctor van Noortstraat,Leidschendam
138,2266HB,Doctor van Noortstraat,Leidschendam
139,2266GV,Doctor van Noortstraat,Leidschendam
140,2266HB,Doctor van Noortstraat,Leidschendam
141,2266GV,Doctor van Noortstraat,Leidschendam
142,2266HB,Doctor van Noortstraat,Leidschendam
136,2265BN,Dokter Huijserstraat,Leidschendam
138,2265BN,Dokter Huijserstraat,Leidschendam
140,2265BN,Dokter Huijserstraat,Leidschendam
142,2265BN,Dokter Huijserstraat,Leidschendam
144,2265BN,Dokter Huijserstraat,Leidschendam
146,2265BN,Dokter Huijserstraat,Leidschendam
148,2265BN,Dokter Huijserstraat,Leidschendam
150,2265BN,Dokter Huijserstraat,Leidschendam
152,2265BN,Dokter Huijserstraat,Leidschendam
2,2265BK,Dokter Keukenmeesterstraat,Leidschendam
4,2265BK,Dokter Keukenmeesterstraat,Leidschendam
6,2265BK,Dokter Keukenmeesterstraat,Leidschendam
76,2265BR,Dokter Van Ledestraat,Leidschendam
77,2265BR,Dokter Van Ledestraat,Leidschendam
78,2265BR,Dokter Van Ledestraat,Leidschendam
79,2265BR,Dokter Van Ledestraat,Leidschendam
80,2265BR,Dokter Van Ledestraat,Leidschendam
81,2265BR,Dokter Van Ledestraat,Leidschendam
82,2265BR,Dokter Van Ledestraat,Leidschendam
83,2265BR,Dokter Van Ledestraat,Leidschendam
84,2265BR,Dokter Van Ledestraat,Leidschendam
85,2265BR,Dokter Van Ledestraat,Leidschendam
86,2265BR,Dokter Van Ledestraat,Leidschendam
79,2261XD,Doornenburg,Leidschendam
80,2261XD,Doornenburg,Leidschendam
81,2261XD,Doornenburg,Leidschendam
82,2261XD,Doornenburg,Leidschendam
83,2261XD,Doornenburg,Leidschendam
84,2261XD,Doornenburg,Leidschendam
85,2261XE,Doornenburg,Leidschendam
86,2261XE,Doornenburg,Leidschendam
87,2261XE,Doornenburg,Leidschendam
88,2261XE,Doornenburg,Leidschendam
89,2261XE,Doornenburg,Leidschendam
90,2261XE,Doornenburg,Leidschendam
91,2261XE,Doornenburg,Leidschendam
143,2266GV,Doctor van Noortstraat,Leidschendam
144,2266HB,Doctor van Noortstraat,Leidschendam
145,2266GV,Doctor van Noortstraat,Leidschendam
146,2266HB,Doctor van Noortstraat,Leidschendam
147,2266GV,Doctor van Noortstraat,Leidschendam
148,2266HB,Doctor van Noortstraat,Leidschendam
8,2265BK,Dokter Keukenmeesterstraat,Leidschendam
10,2265BK,Dokter Keukenmeesterstraat,Leidschendam
12,2265BK,Dokter Keukenmeesterstraat,Leidschendam
1,2265BJ,Dokter Perquinstraat,Leidschendam
2,2265BJ,Dokter Perquinstraat,Leidschendam
3,2265BJ,Dokter Perquinstraat,Leidschendam
4,2265BJ,Dokter Perquinstraat,Leidschendam
5,2265BJ,Dokter Perquinstraat,Leidschendam
6,2265BJ,Dokter Perquinstraat,Leidschendam
7,2265BJ,Dokter Perquinstraat,Leidschendam
8,2265BJ,Dokter Perquinstraat,Leidschendam
9,2265BJ,Dokter Perquinstraat,Leidschendam
87,2265BR,Dokter Van Ledestraat,Leidschendam
88,2265BR,Dokter Van Ledestraat,Leidschendam
89,2265BR,Dokter Van Ledestraat,Leidschendam
90,2265BR,Dokter Van Ledestraat,Leidschendam
91,2265BR,Dokter Van Ledestraat,Leidschendam
92,2265BR,Dokter Van Ledestraat,Leidschendam
93,2265BR,Dokter Van Ledestraat,Leidschendam
94,2265BR,Dokter Van Ledestraat,Leidschendam
95,2265BR,Dokter Van Ledestraat,Leidschendam
96,2265BR,Dokter Van Ledestraat,Leidschendam
97,2265BR,Dokter Van Ledestraat,Leidschendam
98,2265BR,Dokter Van Ledestraat,Leidschendam
92,2261XE,Doornenburg,Leidschendam
93,2261XE,Doornenburg,Leidschendam
94,2261XE,Doornenburg,Leidschendam
95,2261XE,Doornenburg,Leidschendam
96,2261XE,Doornenburg,Leidschendam
97,2261XE,Doornenburg,Leidschendam
98,2261XE,Doornenburg,Leidschendam
99,2261XE,Doornenburg,Leidschendam
100,2261XE,Doornenburg,Leidschendam
101,2261XE,Doornenburg,Leidschendam
102,2261XE,Doornenburg,Leidschendam
103,2261XE,Doornenburg,Leidschendam
104,2261XE,Doornenburg,Leidschendam
149,2266GV,Doctor van Noortstraat,Leidschendam
150,2266HB,Doctor van Noortstraat,Leidschendam
151,2266GV,Doctor van Noortstraat,Leidschendam
153,2266GV,Doctor van Noortstraat,Leidschendam
154,2266HC,Doctor van Noortstraat,Leidschendam
155,2266GV,Doctor van Noortstraat,Leidschendam
156,2266HC,Doctor van Noortstraat,Leidschendam
157,2266GV,Doctor van Noortstraat,Leidschendam
158,2266HC,Doctor van Noortstraat,Leidschendam
159,2266GV,Doctor van Noortstraat,Leidschendam
160,2266HC,Doctor van Noortstraat,Leidschendam
10,2265BJ,Dokter Perquinstraat,Leidschendam
11,2265BJ,Dokter Perquinstraat,Leidschendam
12,2265BJ,Dokter Perquinstraat,Leidschendam
13,2265BJ,Dokter Perquinstraat,Leidschendam
14,2265BJ,Dokter Perquinstraat,Leidschendam
15,2265BJ,Dokter Perquinstraat,Leidschendam
16,2265BJ,Dokter Perquinstraat,Leidschendam
17,2265BJ,Dokter Perquinstraat,Leidschendam
18,2265BJ,Dokter Perquinstraat,Leidschendam
19,2265BJ,Dokter Perquinstraat,Leidschendam
20,2265BJ,Dokter Perquinstraat,Leidschendam
21,2265BJ,Dokter Perquinstraat,Leidschendam
99,2265BR,Dokter Van Ledestraat,Leidschendam
100,2265BR,Dokter Van Ledestraat,Leidschendam
101,2265BR,Dokter Van Ledestraat,Leidschendam
102,2265BR,Dokter Van Ledestraat,Leidschendam
103,2265BS,Dokter Van Ledestraat,Leidschendam
104,2265BS,Dokter Van Ledestraat,Leidschendam
105,2265BS,Dokter Van Ledestraat,Leidschendam
106,2265BS,Dokter Van Ledestraat,Leidschendam
107,2265BS,Dokter Van Ledestraat,Leidschendam
108,2265BS,Dokter Van Ledestraat,Leidschendam
109,2265BS,Dokter Van Ledestraat,Leidschendam
110,2265BS,Dokter Van Ledestraat,Leidschendam
105,2261XE,Doornenburg,Leidschendam
106,2261XE,Doornenburg,Leidschendam
107,2261XE,Doornenburg,Leidschendam
108,2261XE,Doornenburg,Leidschendam
1,2273ED,Dormaellaan,Voorburg
2,2273EE,Dormaellaan,Voorburg
3,2273ED,Dormaellaan,Voorburg
4,2273EE,Dormaellaan,Voorburg
5,2273ED,Dormaellaan,Voorburg
6,2273EE,Dormaellaan,Voorburg
7,2273ED,Dormaellaan,Voorburg
8,2273EE,Dormaellaan,Voorburg
9,2273ED,Dormaellaan,Voorburg
161,2266GV,Doctor van Noortstraat,Leidschendam
162,2266HC,Doctor van Noortstraat,Leidschendam
163,2266GV,Doctor van Noortstraat,Leidschendam
164,2266HC,Doctor van Noortstraat,Leidschendam
165,2266GV,Doctor van Noortstraat,Leidschendam
166,2266HC,Doctor van Noortstraat,Leidschendam
167,2266GV,Doctor van Noortstraat,Leidschendam
168,2266HC,Doctor van Noortstraat,Leidschendam
169,2266GV,Doctor van Noortstraat,Leidschendam
170,2266HC,Doctor van Noortstraat,Leidschendam
22,2265BJ,Dokter Perquinstraat,Leidschendam
24,2265BJ,Dokter Perquinstraat,Leidschendam
26,2265BJ,Dokter Perquinstraat,Leidschendam
28,2265BJ,Dokter Perquinstraat,Leidschendam
30,2265BJ,Dokter Perquinstraat,Leidschendam
32,2265BJ,Dokter Perquinstraat,Leidschendam
34,2265BJ,Dokter Perquinstraat,Leidschendam
36,2265BJ,Dokter Perquinstraat,Leidschendam
38,2265BJ,Dokter Perquinstraat,Leidschendam
40,2265BJ,Dokter Perquinstraat,Leidschendam
42,2265BJ,Dokter Perquinstraat,Leidschendam
44,2265BJ,Dokter Perquinstraat,Leidschendam
111,2265BS,Dokter Van Ledestraat,Leidschendam
112,2265BS,Dokter Van Ledestraat,Leidschendam
113,2265BS,Dokter Van Ledestraat,Leidschendam
114,2265BS,Dokter Van Ledestraat,Leidschendam
115,2265BS,Dokter Van Ledestraat,Leidschendam
116,2265BS,Dokter Van Ledestraat,Leidschendam
117,2265BS,Dokter Van Ledestraat,Leidschendam
118,2265BS,Dokter Van Ledestraat,Leidschendam
119,2265BS,Dokter Van Ledestraat,Leidschendam
120,2265BS,Dokter Van Ledestraat,Leidschendam
121,2265BS,Dokter Van Ledestraat,Leidschendam
122,2265BS,Dokter Van Ledestraat,Leidschendam
10,2273EE,Dormaellaan,Voorburg
11,2273ED,Dormaellaan,Voorburg
13,2273ED,Dormaellaan,Voorburg
15,2273ED,Dormaellaan,Voorburg
17,2273ED,Dormaellaan,Voorburg
19,2273ED,Dormaellaan,Voorburg
21,2273ED,Dormaellaan,Voorburg
23,2273ED,Dormaellaan,Voorburg
25,2273ED,Dormaellaan,Voorburg
27,2273ED,Dormaellaan,Voorburg
29,2273ED,Dormaellaan,Voorburg
31,2273ED,Dormaellaan,Voorburg
33,2273ED,Dormaellaan,Voorburg
171,2266GV,Doctor van Noortstraat,Leidschendam
172,2266HC,Doctor van Noortstraat,Leidschendam
174,2266HC,Doctor van Noortstraat,Leidschendam
175,2266GV,Doctor van Noortstraat,Leidschendam
176,2266HC,Doctor van Noortstraat,Leidschendam
178,2266HC,Doctor van Noortstraat,Leidschendam
179,2266GV,Doctor van Noortstraat,Leidschendam
180,2266HC,Doctor van Noortstraat,Leidschendam
181,2266GV,Doctor van Noortstraat,Leidschendam
182,2266HC,Doctor van Noortstraat,Leidschendam
27,2261AV,Duivenpad,Leidschendam
28,2261AV,Duivenpad,Leidschendam
29,2261AV,Duivenpad,Leidschendam
30,2261AV,Duivenpad,Leidschendam
31,2261AV,Duivenpad,Leidschendam
32,2261AV,Duivenpad,Leidschendam
1,2261AA,Duivenvoorde,Leidschendam
2,2261AH,Duivenvoorde,Leidschendam
142,2261AK,Duivenvoorde,Leidschendam
143,2261AE,Duivenvoorde,Leidschendam
144,2261AL,Duivenvoorde,Leidschendam
145,2261AE,Duivenvoorde,Leidschendam
146,2261AL,Duivenvoorde,Leidschendam
147,2261AE,Duivenvoorde,Leidschendam
148,2261AL,Duivenvoorde,Leidschendam
149,2261AE,Duivenvoorde,Leidschendam
150,2261AL,Duivenvoorde,Leidschendam
151,2261AE,Duivenvoorde,Leidschendam
152,2261AL,Duivenvoorde,Leidschendam
153,2261AE,Duivenvoorde,Leidschendam
154,2261AL,Duivenvoorde,Leidschendam
388,2261AS,Duivenvoorde,Leidschendam
390,2261AS,Duivenvoorde,Leidschendam
392,2261AS,Duivenvoorde,Leidschendam
394,2261AS,Duivenvoorde,Leidschendam
396,2261AS,Duivenvoorde,Leidschendam
398,2261AS,Duivenvoorde,Leidschendam
400,2261AS,Duivenvoorde,Leidschendam
402,2261AS,Duivenvoorde,Leidschendam
404,2261AS,Duivenvoorde,Leidschendam
406,2261AS,Duivenvoorde,Leidschendam
408,2261AS,Duivenvoorde,Leidschendam
410,2261AS,Duivenvoorde,Leidschendam
14,2262AP,Eglantier,Leidschendam
15,2262AP,Eglantier,Leidschendam
17,2262AP,Eglantier,Leidschendam
18,2262AP,Eglantier,Leidschendam
20,2262AP,Eglantier,Leidschendam
21,2262AP,Eglantier,Leidschendam
23,2262AP,Eglantier,Leidschendam
1,2262AS,Eglantierhof,Leidschendam
2,2262AS,Eglantierhof,Leidschendam
3,2262AS,Eglantierhof,Leidschendam
4,2262AS,Eglantierhof,Leidschendam
5,2262AS,Eglantierhof,Leidschendam
6,2262AS,Eglantierhof,Leidschendam
7,2262AS,Eglantierhof,Leidschendam
8,2262AS,Eglantierhof,Leidschendam
9,2262AS,Eglantierhof,Leidschendam
10,2262AS,Eglantierhof,Leidschendam
16,2262AS,Eglantierhof,Leidschendam
17,2262AS,Eglantierhof,Leidschendam
18,2262AS,Eglantierhof,Leidschendam
1,2271VS,Einddorpstraat,Voorburg
2,2271VT,Einddorpstraat,Voorburg
3,2271VS,Einddorpstraat,Voorburg
4,2271VT,Einddorpstraat,Voorburg
5,2271VS,Einddorpstraat,Voorburg
6,2271VT,Einddorpstraat,Voorburg
7,2271VS,Einddorpstraat,Voorburg
8,2271VT,Einddorpstraat,Voorburg
9,2271VS,Einddorpstraat,Voorburg
10,2271VT,Einddorpstraat,Voorburg
11,2271VS,Einddorpstraat,Voorburg
12,2271VT,Einddorpstraat,Voorburg
13,2271VS,Einddorpstraat,Voorburg
14,2271VT,Einddorpstraat,Voorburg
15,2271VS,Einddorpstraat,Voorburg
16,2271VT,Einddorpstraat,Voorburg
17,2271VS,Einddorpstraat,Voorburg
18,2271VT,Einddorpstraat,Voorburg
19,2271VS,Einddorpstraat,Voorburg
20,2271VT,Einddorpstraat,Voorburg
21,2271VS,Einddorpstraat,Voorburg
22,2271VT,Einddorpstraat,Voorburg
23,2271VS,Einddorpstraat,Voorburg
25,2271VS,Einddorpstraat,Voorburg
27,2271VS,Einddorpstraat,Voorburg
29,2271VS,Einddorpstraat,Voorburg
31,2271VS,Einddorpstraat,Voorburg
33,2271VS,Einddorpstraat,Voorburg
35,2271VS,Einddorpstraat,Voorburg
37,2271VS,Einddorpstraat,Voorburg
39,2271VS,Einddorpstraat,Voorburg
41,2271VS,Einddorpstraat,Voorburg
43,2271VS,Einddorpstraat,Voorburg
45,2271VS,Einddorpstraat,Voorburg
47,2271VS,Einddorpstraat,Voorburg
49,2271VS,Einddorpstraat,Voorburg
51,2271VS,Einddorpstraat,Voorburg
53,2271VS,Einddorpstraat,Voorburg
55,2271VS,Einddorpstraat,Voorburg
57,2271VS,Einddorpstraat,Voorburg
59,2271VS,Einddorpstraat,Voorburg
61,2271VS,Einddorpstraat,Voorburg
63,2271VS,Einddorpstraat,Voorburg
65,2271VS,Einddorpstraat,Voorburg
67,2271VS,Einddorpstraat,Voorburg
69,2271VS,Einddorpstraat,Voorburg
71,2271VS,Einddorpstraat,Voorburg
73,2271VS,Einddorpstraat,Voorburg
1,2261EK,Eksterlaan,Leidschendam
2,2261EL,Eksterlaan,Leidschendam
3,2261EK,Eksterlaan,Leidschendam
4,2261EL,Eksterlaan,Leidschendam
5,2261EK,Eksterlaan,Leidschendam
6,2261EL,Eksterlaan,Leidschendam
7,2261EK,Eksterlaan,Leidschendam
8,2261EL,Eksterlaan,Leidschendam
9,2261EK,Eksterlaan,Leidschendam
10,2261EL,Eksterlaan,Leidschendam
11,2261EK,Eksterlaan,Leidschendam
12,2261EL,Eksterlaan,Leidschendam
13,2261EK,Eksterlaan,Leidschendam
14,2261EL,Eksterlaan,Leidschendam
15,2261EK,Eksterlaan,Leidschendam
16,2261EL,Eksterlaan,Leidschendam
17,2261EK,Eksterlaan,Leidschendam
18,2261EL,Eksterlaan,Leidschendam
19,2261EK,Eksterlaan,Leidschendam
20,2261EL,Eksterlaan,Leidschendam
21,2261EK,Eksterlaan,Leidschendam
22,2261EL,Eksterlaan,Leidschendam
23,2261EK,Eksterlaan,Leidschendam
24,2261EL,Eksterlaan,Leidschendam
25,2261EK,Eksterlaan,Leidschendam
26,2261EL,Eksterlaan,Leidschendam
27,2261EK,Eksterlaan,Leidschendam
28,2261EL,Eksterlaan,Leidschendam
29,2261EK,Eksterlaan,Leidschendam
30,2261EL,Eksterlaan,Leidschendam
31,2261EK,Eksterlaan,Leidschendam
32,2261EL,Eksterlaan,Leidschendam
34,2261EL,Eksterlaan,Leidschendam
36,2261EL,Eksterlaan,Leidschendam
1,2273RM,Elias Annes Borgerkade,Voorburg
2,2273RM,Elias Annes Borgerkade,Voorburg
3,2273RM,Elias Annes Borgerkade,Voorburg
4,2273RM,Elias Annes Borgerkade,Voorburg
5,2273RM,Elias Annes Borgerkade,Voorburg
6,2273RM,Elias Annes Borgerkade,Voorburg
7,2273RM,Elias Annes Borgerkade,Voorburg
8,2273RM,Elias Annes Borgerkade,Voorburg
9,2273RM,Elias Annes Borgerkade,Voorburg
10,2273RM,Elias Annes Borgerkade,Voorburg
11,2273RM,Elias Annes Borgerkade,Voorburg
12,2273RM,Elias Annes Borgerkade,Voorburg
13,2273RM,Elias Annes Borgerkade,Voorburg
14,2273RM,Elias Annes Borgerkade,Voorburg
15,2273RM,Elias Annes Borgerkade,Voorburg
16,2273RM,Elias Annes Borgerkade,Voorburg
17,2273RM,Elias Annes Borgerkade,Voorburg
18,2273RM,Elias Annes Borgerkade,Voorburg
19,2273RM,Elias Annes Borgerkade,Voorburg
20,2273RM,Elias Annes Borgerkade,Voorburg
21,2273RM,Elias Annes Borgerkade,Voorburg
22,2273RM,Elias Annes Borgerkade,Voorburg
23,2273RM,Elias Annes Borgerkade,Voorburg
24,2273RM,Elias Annes Borgerkade,Voorburg
25,2273RM,Elias Annes Borgerkade,Voorburg
26,2273RM,Elias Annes Borgerkade,Voorburg
27,2273RM,Elias Annes Borgerkade,Voorburg
28,2273RM,Elias Annes Borgerkade,Voorburg
29,2273RM,Elias Annes Borgerkade,Voorburg
30,2273RM,Elias Annes Borgerkade,Voorburg
31,2273RM,Elias Annes Borgerkade,Voorburg
32,2273RM,Elias Annes Borgerkade,Voorburg
33,2273RM,Elias Annes Borgerkade,Voorburg
34,2273RM,Elias Annes Borgerkade,Voorburg
35,2273RM,Elias Annes Borgerkade,Voorburg
36,2273RM,Elias Annes Borgerkade,Voorburg
37,2273RM,Elias Annes Borgerkade,Voorburg
6,2272AM,Elsbergstraat,Voorburg
7,2272AM,Elsbergstraat,Voorburg
8,2272AM,Elsbergstraat,Voorburg
9,2272AM,Elsbergstraat,Voorburg
10,2272AM,Elsbergstraat,Voorburg
11,2272AM,Elsbergstraat,Voorburg
12,2272AM,Elsbergstraat,Voorburg
13,2272AM,Elsbergstraat,Voorburg
14,2272AM,Elsbergstraat,Voorburg
15,2272AM,Elsbergstraat,Voorburg
16,2272AM,Elsbergstraat,Voorburg
17,2272AM,Elsbergstraat,Voorburg
19,2272AM,Elsbergstraat,Voorburg
11,2272CE,Elzendreef,Voorburg
13,2272CE,Elzendreef,Voorburg
15,2272CE,Elzendreef,Voorburg
16,2272EB,Elzendreef,Voorburg
17,2272CE,Elzendreef,Voorburg
19,2272CE,Elzendreef,Voorburg
20,2272EB,Elzendreef,Voorburg
21,2272CE,Elzendreef,Voorburg
23,2272CG,Elzendreef,Voorburg
25,2272CG,Elzendreef,Voorburg
27,2272CG,Elzendreef,Voorburg
29,2272CG,Elzendreef,Voorburg
31,2272CG,Elzendreef,Voorburg
38,2273RM,Elias Annes Borgerkade,Voorburg
39,2273RM,Elias Annes Borgerkade,Voorburg
40,2273RM,Elias Annes Borgerkade,Voorburg
41,2273RM,Elias Annes Borgerkade,Voorburg
42,2273RM,Elias Annes Borgerkade,Voorburg
44,2273RM,Elias Annes Borgerkade,Voorburg
1,2272AM,Elsbergstraat,Voorburg
2,2272AM,Elsbergstraat,Voorburg
3,2272AM,Elsbergstraat,Voorburg
4,2272AM,Elsbergstraat,Voorburg
5,2272AM,Elsbergstraat,Voorburg
21,2272AM,Elsbergstraat,Voorburg
23,2272AM,Elsbergstraat,Voorburg
1,2272CE,Elzendreef,Voorburg
3,2272CE,Elzendreef,Voorburg
4,2272EB,Elzendreef,Voorburg
5,2272CE,Elzendreef,Voorburg
6,2272EB,Elzendreef,Voorburg
7,2272CE,Elzendreef,Voorburg
8,2272EB,Elzendreef,Voorburg
9,2272CE,Elzendreef,Voorburg
10,2272EB,Elzendreef,Voorburg
33,2272CG,Elzendreef,Voorburg
35,2272CG,Elzendreef,Voorburg
37,2272CG,Elzendreef,Voorburg
39,2272CG,Elzendreef,Voorburg
41,2272CG,Elzendreef,Voorburg
43,2272CG,Elzendreef,Voorburg
45,2272CH,Elzendreef,Voorburg
47,2272CH,Elzendreef,Voorburg
49,2272CH,Elzendreef,Voorburg
