724,3527DZ,Van Heuven Goedhartplein,Utrecht
725,3527DZ,Van Heuven Goedhartplein,Utrecht
726,3527DZ,Van Heuven Goedhartplein,Utrecht
727,3527DZ,Van Heuven Goedhartplein,Utrecht
728,3527DZ,Van Heuven Goedhartplein,Utrecht
729,3527DZ,Van Heuven Goedhartplein,Utrecht
730,3527DZ,Van Heuven Goedhartplein,Utrecht
731,3527DZ,Van Heuven Goedhartplein,Utrecht
732,3527DZ,Van Heuven Goedhartplein,Utrecht
733,3527DZ,Van Heuven Goedhartplein,Utrecht
734,3527DZ,Van Heuven Goedhartplein,Utrecht
735,3527DZ,Van Heuven Goedhartplein,Utrecht
736,3527DZ,Van Heuven Goedhartplein,Utrecht
737,3527DZ,Van Heuven Goedhartplein,Utrecht
738,3527DZ,Van Heuven Goedhartplein,Utrecht
739,3527DZ,Van Heuven Goedhartplein,Utrecht
740,3527DZ,Van Heuven Goedhartplein,Utrecht
741,3527DZ,Van Heuven Goedhartplein,Utrecht
742,3527DZ,Van Heuven Goedhartplein,Utrecht
743,3527DZ,Van Heuven Goedhartplein,Utrecht
744,3527DZ,Van Heuven Goedhartplein,Utrecht
745,3527DZ,Van Heuven Goedhartplein,Utrecht
746,3527DZ,Van Heuven Goedhartplein,Utrecht
747,3527DZ,Van Heuven Goedhartplein,Utrecht
748,3527DZ,Van Heuven Goedhartplein,Utrecht
749,3527DZ,Van Heuven Goedhartplein,Utrecht
750,3527DZ,Van Heuven Goedhartplein,Utrecht
751,3527DZ,Van Heuven Goedhartplein,Utrecht
752,3527DZ,Van Heuven Goedhartplein,Utrecht
753,3527DZ,Van Heuven Goedhartplein,Utrecht
754,3527DZ,Van Heuven Goedhartplein,Utrecht
755,3527DZ,Van Heuven Goedhartplein,Utrecht
756,3527DZ,Van Heuven Goedhartplein,Utrecht
757,3527DZ,Van Heuven Goedhartplein,Utrecht
758,3527DZ,Van Heuven Goedhartplein,Utrecht
759,3527DZ,Van Heuven Goedhartplein,Utrecht
760,3527DZ,Van Heuven Goedhartplein,Utrecht
761,3527DZ,Van Heuven Goedhartplein,Utrecht
762,3527DZ,Van Heuven Goedhartplein,Utrecht
763,3527DZ,Van Heuven Goedhartplein,Utrecht
764,3527DZ,Van Heuven Goedhartplein,Utrecht
3,3582LA,Burgemeester Fockema Andreaeplein,Utrecht
4,3582LA,Burgemeester Fockema Andreaeplein,Utrecht
5,3582LA,Burgemeester Fockema Andreaeplein,Utrecht
6,3582LA,Burgemeester Fockema Andreaeplein,Utrecht
7,3582LA,Burgemeester Fockema Andreaeplein,Utrecht
8,3582LA,Burgemeester Fockema Andreaeplein,Utrecht
9,3582LA,Burgemeester Fockema Andreaeplein,Utrecht
10,3582LA,Burgemeester Fockema Andreaeplein,Utrecht
11,3582LA,Burgemeester Fockema Andreaeplein,Utrecht
12,3582LA,Burgemeester Fockema Andreaeplein,Utrecht
13,3582LA,Burgemeester Fockema Andreaeplein,Utrecht
14,3582LA,Burgemeester Fockema Andreaeplein,Utrecht
15,3582LA,Burgemeester Fockema Andreaeplein,Utrecht
16,3582LA,Burgemeester Fockema Andreaeplein,Utrecht
17,3582LA,Burgemeester Fockema Andreaeplein,Utrecht
18,3582LA,Burgemeester Fockema Andreaeplein,Utrecht
19,3582LA,Burgemeester Fockema Andreaeplein,Utrecht
20,3582LA,Burgemeester Fockema Andreaeplein,Utrecht
21,3582LA,Burgemeester Fockema Andreaeplein,Utrecht
22,3582LA,Burgemeester Fockema Andreaeplein,Utrecht
23,3582LA,Burgemeester Fockema Andreaeplein,Utrecht
24,3582LA,Burgemeester Fockema Andreaeplein,Utrecht
25,3582LA,Burgemeester Fockema Andreaeplein,Utrecht
26,3582LA,Burgemeester Fockema Andreaeplein,Utrecht
27,3582LA,Burgemeester Fockema Andreaeplein,Utrecht
28,3582LA,Burgemeester Fockema Andreaeplein,Utrecht
29,3582LA,Burgemeester Fockema Andreaeplein,Utrecht
30,3582LA,Burgemeester Fockema Andreaeplein,Utrecht
31,3582LA,Burgemeester Fockema Andreaeplein,Utrecht
32,3582LA,Burgemeester Fockema Andreaeplein,Utrecht
33,3582LA,Burgemeester Fockema Andreaeplein,Utrecht
34,3582LA,Burgemeester Fockema Andreaeplein,Utrecht
35,3582LA,Burgemeester Fockema Andreaeplein,Utrecht
36,3582LA,Burgemeester Fockema Andreaeplein,Utrecht
37,3582LA,Burgemeester Fockema Andreaeplein,Utrecht
38,3582LA,Burgemeester Fockema Andreaeplein,Utrecht
39,3582LA,Burgemeester Fockema Andreaeplein,Utrecht
40,3582LA,Burgemeester Fockema Andreaeplein,Utrecht
41,3582LB,Burgemeester Fockema Andreaeplein,Utrecht
42,3582LB,Burgemeester Fockema Andreaeplein,Utrecht
43,3582LB,Burgemeester Fockema Andreaeplein,Utrecht
44,3582LB,Burgemeester Fockema Andreaeplein,Utrecht
45,3582LB,Burgemeester Fockema Andreaeplein,Utrecht
46,3582LB,Burgemeester Fockema Andreaeplein,Utrecht
47,3582LB,Burgemeester Fockema Andreaeplein,Utrecht
48,3582LB,Burgemeester Fockema Andreaeplein,Utrecht
49,3582LB,Burgemeester Fockema Andreaeplein,Utrecht
50,3582LB,Burgemeester Fockema Andreaeplein,Utrecht
51,3582LB,Burgemeester Fockema Andreaeplein,Utrecht
52,3582LB,Burgemeester Fockema Andreaeplein,Utrecht
53,3582LB,Burgemeester Fockema Andreaeplein,Utrecht
54,3582LB,Burgemeester Fockema Andreaeplein,Utrecht
55,3582LB,Burgemeester Fockema Andreaeplein,Utrecht
56,3582LB,Burgemeester Fockema Andreaeplein,Utrecht
57,3582LB,Burgemeester Fockema Andreaeplein,Utrecht
58,3582LB,Burgemeester Fockema Andreaeplein,Utrecht
59,3582LB,Burgemeester Fockema Andreaeplein,Utrecht
60,3582LB,Burgemeester Fockema Andreaeplein,Utrecht
61,3582LB,Burgemeester Fockema Andreaeplein,Utrecht
62,3582LB,Burgemeester Fockema Andreaeplein,Utrecht
63,3582LB,Burgemeester Fockema Andreaeplein,Utrecht
64,3582LB,Burgemeester Fockema Andreaeplein,Utrecht
65,3582LB,Burgemeester Fockema Andreaeplein,Utrecht
66,3582LB,Burgemeester Fockema Andreaeplein,Utrecht
67,3582LB,Burgemeester Fockema Andreaeplein,Utrecht
68,3582LB,Burgemeester Fockema Andreaeplein,Utrecht
69,3582LB,Burgemeester Fockema Andreaeplein,Utrecht
70,3582LB,Burgemeester Fockema Andreaeplein,Utrecht
71,3582LB,Burgemeester Fockema Andreaeplein,Utrecht
72,3582LB,Burgemeester Fockema Andreaeplein,Utrecht
73,3582LB,Burgemeester Fockema Andreaeplein,Utrecht
74,3582LB,Burgemeester Fockema Andreaeplein,Utrecht
75,3582LB,Burgemeester Fockema Andreaeplein,Utrecht
76,3582LB,Burgemeester Fockema Andreaeplein,Utrecht
77,3582LB,Burgemeester Fockema Andreaeplein,Utrecht
78,3582LB,Burgemeester Fockema Andreaeplein,Utrecht
79,3582LB,Burgemeester Fockema Andreaeplein,Utrecht
80,3582LB,Burgemeester Fockema Andreaeplein,Utrecht
81,3582LC,Burgemeester Fockema Andreaeplein,Utrecht
82,3582LC,Burgemeester Fockema Andreaeplein,Utrecht
83,3582LC,Burgemeester Fockema Andreaeplein,Utrecht
84,3582LC,Burgemeester Fockema Andreaeplein,Utrecht
85,3582LC,Burgemeester Fockema Andreaeplein,Utrecht
86,3582LC,Burgemeester Fockema Andreaeplein,Utrecht
87,3582LC,Burgemeester Fockema Andreaeplein,Utrecht
88,3582LC,Burgemeester Fockema Andreaeplein,Utrecht
89,3582LC,Burgemeester Fockema Andreaeplein,Utrecht
91,3582LC,Burgemeester Fockema Andreaeplein,Utrecht
92,3582LC,Burgemeester Fockema Andreaeplein,Utrecht
93,3582LC,Burgemeester Fockema Andreaeplein,Utrecht
94,3582LC,Burgemeester Fockema Andreaeplein,Utrecht
95,3582LC,Burgemeester Fockema Andreaeplein,Utrecht
96,3582LC,Burgemeester Fockema Andreaeplein,Utrecht
97,3582LC,Burgemeester Fockema Andreaeplein,Utrecht
98,3582LC,Burgemeester Fockema Andreaeplein,Utrecht
99,3582LC,Burgemeester Fockema Andreaeplein,Utrecht
100,3582LC,Burgemeester Fockema Andreaeplein,Utrecht
101,3582LC,Burgemeester Fockema Andreaeplein,Utrecht
102,3582LC,Burgemeester Fockema Andreaeplein,Utrecht
103,3582LC,Burgemeester Fockema Andreaeplein,Utrecht
104,3582LC,Burgemeester Fockema Andreaeplein,Utrecht
105,3582LC,Burgemeester Fockema Andreaeplein,Utrecht
106,3582LC,Burgemeester Fockema Andreaeplein,Utrecht
107,3582LC,Burgemeester Fockema Andreaeplein,Utrecht
108,3582LC,Burgemeester Fockema Andreaeplein,Utrecht
109,3582LC,Burgemeester Fockema Andreaeplein,Utrecht
110,3582LC,Burgemeester Fockema Andreaeplein,Utrecht
111,3582LC,Burgemeester Fockema Andreaeplein,Utrecht
112,3582LC,Burgemeester Fockema Andreaeplein,Utrecht
113,3582LC,Burgemeester Fockema Andreaeplein,Utrecht
114,3582LC,Burgemeester Fockema Andreaeplein,Utrecht
115,3582LC,Burgemeester Fockema Andreaeplein,Utrecht
116,3582LC,Burgemeester Fockema Andreaeplein,Utrecht
117,3582LC,Burgemeester Fockema Andreaeplein,Utrecht
118,3582LC,Burgemeester Fockema Andreaeplein,Utrecht
119,3582LC,Burgemeester Fockema Andreaeplein,Utrecht
120,3582LC,Burgemeester Fockema Andreaeplein,Utrecht
121,3582LD,Burgemeester Fockema Andreaeplein,Utrecht
122,3582LD,Burgemeester Fockema Andreaeplein,Utrecht
123,3582LD,Burgemeester Fockema Andreaeplein,Utrecht
124,3582LD,Burgemeester Fockema Andreaeplein,Utrecht
125,3582LD,Burgemeester Fockema Andreaeplein,Utrecht
126,3582LD,Burgemeester Fockema Andreaeplein,Utrecht
127,3582LD,Burgemeester Fockema Andreaeplein,Utrecht
128,3582LD,Burgemeester Fockema Andreaeplein,Utrecht
129,3582LD,Burgemeester Fockema Andreaeplein,Utrecht
130,3582LD,Burgemeester Fockema Andreaeplein,Utrecht
131,3582LD,Burgemeester Fockema Andreaeplein,Utrecht
132,3582LD,Burgemeester Fockema Andreaeplein,Utrecht
133,3582LD,Burgemeester Fockema Andreaeplein,Utrecht
134,3582LD,Burgemeester Fockema Andreaeplein,Utrecht
135,3582LD,Burgemeester Fockema Andreaeplein,Utrecht
136,3582LD,Burgemeester Fockema Andreaeplein,Utrecht
137,3582LD,Burgemeester Fockema Andreaeplein,Utrecht
138,3582LD,Burgemeester Fockema Andreaeplein,Utrecht
139,3582LD,Burgemeester Fockema Andreaeplein,Utrecht
140,3582LD,Burgemeester Fockema Andreaeplein,Utrecht
141,3582LD,Burgemeester Fockema Andreaeplein,Utrecht
142,3582LD,Burgemeester Fockema Andreaeplein,Utrecht
143,3582LD,Burgemeester Fockema Andreaeplein,Utrecht
144,3582LD,Burgemeester Fockema Andreaeplein,Utrecht
145,3582LD,Burgemeester Fockema Andreaeplein,Utrecht
146,3582LD,Burgemeester Fockema Andreaeplein,Utrecht
147,3582LD,Burgemeester Fockema Andreaeplein,Utrecht
148,3582LD,Burgemeester Fockema Andreaeplein,Utrecht
149,3582LD,Burgemeester Fockema Andreaeplein,Utrecht
150,3582LD,Burgemeester Fockema Andreaeplein,Utrecht
151,3582LD,Burgemeester Fockema Andreaeplein,Utrecht
152,3582LD,Burgemeester Fockema Andreaeplein,Utrecht
153,3582LD,Burgemeester Fockema Andreaeplein,Utrecht
154,3582LD,Burgemeester Fockema Andreaeplein,Utrecht
155,3582LD,Burgemeester Fockema Andreaeplein,Utrecht
156,3582LD,Burgemeester Fockema Andreaeplein,Utrecht
157,3582LD,Burgemeester Fockema Andreaeplein,Utrecht
158,3582LD,Burgemeester Fockema Andreaeplein,Utrecht
159,3582LD,Burgemeester Fockema Andreaeplein,Utrecht
160,3582LD,Burgemeester Fockema Andreaeplein,Utrecht
161,3582LE,Burgemeester Fockema Andreaeplein,Utrecht
162,3582LE,Burgemeester Fockema Andreaeplein,Utrecht
163,3582LE,Burgemeester Fockema Andreaeplein,Utrecht
164,3582LE,Burgemeester Fockema Andreaeplein,Utrecht
165,3582LE,Burgemeester Fockema Andreaeplein,Utrecht
166,3582LE,Burgemeester Fockema Andreaeplein,Utrecht
167,3582LE,Burgemeester Fockema Andreaeplein,Utrecht
168,3582LE,Burgemeester Fockema Andreaeplein,Utrecht
169,3582LE,Burgemeester Fockema Andreaeplein,Utrecht
170,3582LE,Burgemeester Fockema Andreaeplein,Utrecht
171,3582LE,Burgemeester Fockema Andreaeplein,Utrecht
172,3582LE,Burgemeester Fockema Andreaeplein,Utrecht
173,3582LE,Burgemeester Fockema Andreaeplein,Utrecht
174,3582LE,Burgemeester Fockema Andreaeplein,Utrecht
175,3582LE,Burgemeester Fockema Andreaeplein,Utrecht
176,3582LE,Burgemeester Fockema Andreaeplein,Utrecht
177,3582LE,Burgemeester Fockema Andreaeplein,Utrecht
178,3582LE,Burgemeester Fockema Andreaeplein,Utrecht
179,3582LE,Burgemeester Fockema Andreaeplein,Utrecht
180,3582LE,Burgemeester Fockema Andreaeplein,Utrecht
181,3582LE,Burgemeester Fockema Andreaeplein,Utrecht
182,3582LE,Burgemeester Fockema Andreaeplein,Utrecht
183,3582LE,Burgemeester Fockema Andreaeplein,Utrecht
184,3582LE,Burgemeester Fockema Andreaeplein,Utrecht
185,3582LE,Burgemeester Fockema Andreaeplein,Utrecht
186,3582LE,Burgemeester Fockema Andreaeplein,Utrecht
187,3582LE,Burgemeester Fockema Andreaeplein,Utrecht
188,3582LE,Burgemeester Fockema Andreaeplein,Utrecht
189,3582LE,Burgemeester Fockema Andreaeplein,Utrecht
190,3582LE,Burgemeester Fockema Andreaeplein,Utrecht
191,3582LE,Burgemeester Fockema Andreaeplein,Utrecht
192,3582LE,Burgemeester Fockema Andreaeplein,Utrecht
193,3582LE,Burgemeester Fockema Andreaeplein,Utrecht
194,3582LE,Burgemeester Fockema Andreaeplein,Utrecht
195,3582LE,Burgemeester Fockema Andreaeplein,Utrecht
196,3582LE,Burgemeester Fockema Andreaeplein,Utrecht
197,3582LE,Burgemeester Fockema Andreaeplein,Utrecht
198,3582LE,Burgemeester Fockema Andreaeplein,Utrecht
199,3582LE,Burgemeester Fockema Andreaeplein,Utrecht
200,3582LE,Burgemeester Fockema Andreaeplein,Utrecht
201,3582LG,Burgemeester Fockema Andreaeplein,Utrecht
202,3582LG,Burgemeester Fockema Andreaeplein,Utrecht
203,3582LG,Burgemeester Fockema Andreaeplein,Utrecht
204,3582LG,Burgemeester Fockema Andreaeplein,Utrecht
205,3582LG,Burgemeester Fockema Andreaeplein,Utrecht
206,3582LG,Burgemeester Fockema Andreaeplein,Utrecht
207,3582LG,Burgemeester Fockema Andreaeplein,Utrecht
208,3582LG,Burgemeester Fockema Andreaeplein,Utrecht
209,3582LG,Burgemeester Fockema Andreaeplein,Utrecht
210,3582LG,Burgemeester Fockema Andreaeplein,Utrecht
211,3582LG,Burgemeester Fockema Andreaeplein,Utrecht
212,3582LG,Burgemeester Fockema Andreaeplein,Utrecht
213,3582LG,Burgemeester Fockema Andreaeplein,Utrecht
214,3582LG,Burgemeester Fockema Andreaeplein,Utrecht
215,3582LG,Burgemeester Fockema Andreaeplein,Utrecht
216,3582LG,Burgemeester Fockema Andreaeplein,Utrecht
217,3582LG,Burgemeester Fockema Andreaeplein,Utrecht
218,3582LG,Burgemeester Fockema Andreaeplein,Utrecht
219,3582LG,Burgemeester Fockema Andreaeplein,Utrecht
220,3582LG,Burgemeester Fockema Andreaeplein,Utrecht
221,3582LG,Burgemeester Fockema Andreaeplein,Utrecht
222,3582LG,Burgemeester Fockema Andreaeplein,Utrecht
223,3582LG,Burgemeester Fockema Andreaeplein,Utrecht
224,3582LG,Burgemeester Fockema Andreaeplein,Utrecht
225,3582LG,Burgemeester Fockema Andreaeplein,Utrecht
226,3582LG,Burgemeester Fockema Andreaeplein,Utrecht
227,3582LG,Burgemeester Fockema Andreaeplein,Utrecht
228,3582LG,Burgemeester Fockema Andreaeplein,Utrecht
229,3582LG,Burgemeester Fockema Andreaeplein,Utrecht
230,3582LG,Burgemeester Fockema Andreaeplein,Utrecht
231,3582LG,Burgemeester Fockema Andreaeplein,Utrecht
232,3582LG,Burgemeester Fockema Andreaeplein,Utrecht
233,3582LG,Burgemeester Fockema Andreaeplein,Utrecht
234,3582LG,Burgemeester Fockema Andreaeplein,Utrecht
235,3582LG,Burgemeester Fockema Andreaeplein,Utrecht
236,3582LG,Burgemeester Fockema Andreaeplein,Utrecht
237,3582LG,Burgemeester Fockema Andreaeplein,Utrecht
238,3582LG,Burgemeester Fockema Andreaeplein,Utrecht
239,3582LG,Burgemeester Fockema Andreaeplein,Utrecht
240,3582LG,Burgemeester Fockema Andreaeplein,Utrecht
241,3582LH,Burgemeester Fockema Andreaeplein,Utrecht
242,3582LH,Burgemeester Fockema Andreaeplein,Utrecht
243,3582LH,Burgemeester Fockema Andreaeplein,Utrecht
244,3582LH,Burgemeester Fockema Andreaeplein,Utrecht
245,3582LH,Burgemeester Fockema Andreaeplein,Utrecht
246,3582LH,Burgemeester Fockema Andreaeplein,Utrecht
247,3582LH,Burgemeester Fockema Andreaeplein,Utrecht
248,3582LH,Burgemeester Fockema Andreaeplein,Utrecht
249,3582LH,Burgemeester Fockema Andreaeplein,Utrecht
250,3582LH,Burgemeester Fockema Andreaeplein,Utrecht
251,3582LH,Burgemeester Fockema Andreaeplein,Utrecht
252,3582LH,Burgemeester Fockema Andreaeplein,Utrecht
253,3582LH,Burgemeester Fockema Andreaeplein,Utrecht
254,3582LH,Burgemeester Fockema Andreaeplein,Utrecht
255,3582LH,Burgemeester Fockema Andreaeplein,Utrecht
256,3582LH,Burgemeester Fockema Andreaeplein,Utrecht
257,3582LH,Burgemeester Fockema Andreaeplein,Utrecht
258,3582LH,Burgemeester Fockema Andreaeplein,Utrecht
259,3582LH,Burgemeester Fockema Andreaeplein,Utrecht
260,3582LH,Burgemeester Fockema Andreaeplein,Utrecht
261,3582LH,Burgemeester Fockema Andreaeplein,Utrecht
262,3582LH,Burgemeester Fockema Andreaeplein,Utrecht
263,3582LH,Burgemeester Fockema Andreaeplein,Utrecht
264,3582LH,Burgemeester Fockema Andreaeplein,Utrecht
265,3582LH,Burgemeester Fockema Andreaeplein,Utrecht
266,3582LH,Burgemeester Fockema Andreaeplein,Utrecht
267,3582LH,Burgemeester Fockema Andreaeplein,Utrecht
268,3582LH,Burgemeester Fockema Andreaeplein,Utrecht
269,3582LH,Burgemeester Fockema Andreaeplein,Utrecht
270,3582LH,Burgemeester Fockema Andreaeplein,Utrecht
271,3582LH,Burgemeester Fockema Andreaeplein,Utrecht
272,3582LH,Burgemeester Fockema Andreaeplein,Utrecht
273,3582LH,Burgemeester Fockema Andreaeplein,Utrecht
274,3582LH,Burgemeester Fockema Andreaeplein,Utrecht
275,3582LH,Burgemeester Fockema Andreaeplein,Utrecht
276,3582LH,Burgemeester Fockema Andreaeplein,Utrecht
277,3582LH,Burgemeester Fockema Andreaeplein,Utrecht
278,3582LH,Burgemeester Fockema Andreaeplein,Utrecht
279,3582LH,Burgemeester Fockema Andreaeplein,Utrecht
280,3582LH,Burgemeester Fockema Andreaeplein,Utrecht
281,3582LJ,Burgemeester Fockema Andreaeplein,Utrecht
282,3582LJ,Burgemeester Fockema Andreaeplein,Utrecht
283,3582LJ,Burgemeester Fockema Andreaeplein,Utrecht
284,3582LJ,Burgemeester Fockema Andreaeplein,Utrecht
285,3582LJ,Burgemeester Fockema Andreaeplein,Utrecht
286,3582LJ,Burgemeester Fockema Andreaeplein,Utrecht
287,3582LJ,Burgemeester Fockema Andreaeplein,Utrecht
288,3582LJ,Burgemeester Fockema Andreaeplein,Utrecht
289,3582LJ,Burgemeester Fockema Andreaeplein,Utrecht
290,3582LJ,Burgemeester Fockema Andreaeplein,Utrecht
291,3582LJ,Burgemeester Fockema Andreaeplein,Utrecht
292,3582LJ,Burgemeester Fockema Andreaeplein,Utrecht
293,3582LJ,Burgemeester Fockema Andreaeplein,Utrecht
294,3582LJ,Burgemeester Fockema Andreaeplein,Utrecht
295,3582LJ,Burgemeester Fockema Andreaeplein,Utrecht
296,3582LJ,Burgemeester Fockema Andreaeplein,Utrecht
297,3582LJ,Burgemeester Fockema Andreaeplein,Utrecht
298,3582LJ,Burgemeester Fockema Andreaeplein,Utrecht
299,3582LJ,Burgemeester Fockema Andreaeplein,Utrecht
300,3582LJ,Burgemeester Fockema Andreaeplein,Utrecht
301,3582LJ,Burgemeester Fockema Andreaeplein,Utrecht
302,3582LJ,Burgemeester Fockema Andreaeplein,Utrecht
303,3582LJ,Burgemeester Fockema Andreaeplein,Utrecht
304,3582LJ,Burgemeester Fockema Andreaeplein,Utrecht
305,3582LJ,Burgemeester Fockema Andreaeplein,Utrecht
306,3582LJ,Burgemeester Fockema Andreaeplein,Utrecht
307,3582LJ,Burgemeester Fockema Andreaeplein,Utrecht
308,3582LJ,Burgemeester Fockema Andreaeplein,Utrecht
309,3582LJ,Burgemeester Fockema Andreaeplein,Utrecht
310,3582LJ,Burgemeester Fockema Andreaeplein,Utrecht
311,3582LJ,Burgemeester Fockema Andreaeplein,Utrecht
312,3582LJ,Burgemeester Fockema Andreaeplein,Utrecht
313,3582LJ,Burgemeester Fockema Andreaeplein,Utrecht
314,3582LJ,Burgemeester Fockema Andreaeplein,Utrecht
315,3582LJ,Burgemeester Fockema Andreaeplein,Utrecht
316,3582LJ,Burgemeester Fockema Andreaeplein,Utrecht
317,3582LJ,Burgemeester Fockema Andreaeplein,Utrecht
318,3582LJ,Burgemeester Fockema Andreaeplein,Utrecht
319,3582LJ,Burgemeester Fockema Andreaeplein,Utrecht
320,3582LJ,Burgemeester Fockema Andreaeplein,Utrecht
1,3582LA,Burgemeester Fockema Andreaeplein,Utrecht
102,3511ER,Laan van Puntenburg,Utrecht
104,3511ER,Laan van Puntenburg,Utrecht
106,3511ER,Laan van Puntenburg,Utrecht
108,3511ER,Laan van Puntenburg,Utrecht
110,3511ER,Laan van Puntenburg,Utrecht
112,3511ER,Laan van Puntenburg,Utrecht
114,3511ER,Laan van Puntenburg,Utrecht
116,3511ER,Laan van Puntenburg,Utrecht
118,3511ER,Laan van Puntenburg,Utrecht
120,3511ER,Laan van Puntenburg,Utrecht
122,3511ER,Laan van Puntenburg,Utrecht
124,3511ER,Laan van Puntenburg,Utrecht
126,3511ER,Laan van Puntenburg,Utrecht
128,3511ER,Laan van Puntenburg,Utrecht
130,3511ER,Laan van Puntenburg,Utrecht
132,3511ER,Laan van Puntenburg,Utrecht
134,3511ER,Laan van Puntenburg,Utrecht
136,3511ER,Laan van Puntenburg,Utrecht
1,3521BA,Jaarbeursboulevard,Utrecht
3,3521BA,Jaarbeursboulevard,Utrecht
5,3521BA,Jaarbeursboulevard,Utrecht
7,3521BA,Jaarbeursboulevard,Utrecht
9,3521BA,Jaarbeursboulevard,Utrecht
11,3521BA,Jaarbeursboulevard,Utrecht
13,3521BA,Jaarbeursboulevard,Utrecht
15,3521BA,Jaarbeursboulevard,Utrecht
17,3521BA,Jaarbeursboulevard,Utrecht
19,3521BA,Jaarbeursboulevard,Utrecht
21,3521BA,Jaarbeursboulevard,Utrecht
23,3521BA,Jaarbeursboulevard,Utrecht
25,3521BA,Jaarbeursboulevard,Utrecht
27,3521BA,Jaarbeursboulevard,Utrecht
29,3521BA,Jaarbeursboulevard,Utrecht
31,3521BA,Jaarbeursboulevard,Utrecht
33,3521BA,Jaarbeursboulevard,Utrecht
35,3521BA,Jaarbeursboulevard,Utrecht
37,3521BA,Jaarbeursboulevard,Utrecht
39,3521BA,Jaarbeursboulevard,Utrecht
41,3521BA,Jaarbeursboulevard,Utrecht
43,3521BA,Jaarbeursboulevard,Utrecht
45,3521BA,Jaarbeursboulevard,Utrecht
47,3521BA,Jaarbeursboulevard,Utrecht
49,3521BA,Jaarbeursboulevard,Utrecht
51,3521BA,Jaarbeursboulevard,Utrecht
53,3521BA,Jaarbeursboulevard,Utrecht
55,3521BA,Jaarbeursboulevard,Utrecht
57,3521BA,Jaarbeursboulevard,Utrecht
59,3521BA,Jaarbeursboulevard,Utrecht
61,3521BA,Jaarbeursboulevard,Utrecht
63,3521BA,Jaarbeursboulevard,Utrecht
65,3521BA,Jaarbeursboulevard,Utrecht
67,3521BA,Jaarbeursboulevard,Utrecht
69,3521BA,Jaarbeursboulevard,Utrecht
71,3521BA,Jaarbeursboulevard,Utrecht
73,3521BA,Jaarbeursboulevard,Utrecht
75,3521BA,Jaarbeursboulevard,Utrecht
77,3521BA,Jaarbeursboulevard,Utrecht
79,3521BA,Jaarbeursboulevard,Utrecht
81,3521BA,Jaarbeursboulevard,Utrecht
83,3521BA,Jaarbeursboulevard,Utrecht
85,3521BA,Jaarbeursboulevard,Utrecht
87,3521BA,Jaarbeursboulevard,Utrecht
89,3521BA,Jaarbeursboulevard,Utrecht
91,3521BA,Jaarbeursboulevard,Utrecht
93,3521BA,Jaarbeursboulevard,Utrecht
95,3521BA,Jaarbeursboulevard,Utrecht
97,3521BA,Jaarbeursboulevard,Utrecht
99,3521BA,Jaarbeursboulevard,Utrecht
101,3521BA,Jaarbeursboulevard,Utrecht
103,3521BA,Jaarbeursboulevard,Utrecht
105,3521BA,Jaarbeursboulevard,Utrecht
107,3521BA,Jaarbeursboulevard,Utrecht
109,3521BA,Jaarbeursboulevard,Utrecht
111,3521BA,Jaarbeursboulevard,Utrecht
113,3521BA,Jaarbeursboulevard,Utrecht
115,3521BA,Jaarbeursboulevard,Utrecht
117,3521BA,Jaarbeursboulevard,Utrecht
119,3521BA,Jaarbeursboulevard,Utrecht
121,3521BA,Jaarbeursboulevard,Utrecht
123,3521BA,Jaarbeursboulevard,Utrecht
125,3521BA,Jaarbeursboulevard,Utrecht
127,3521BA,Jaarbeursboulevard,Utrecht
129,3521BA,Jaarbeursboulevard,Utrecht
131,3521BA,Jaarbeursboulevard,Utrecht
133,3521BA,Jaarbeursboulevard,Utrecht
135,3521BA,Jaarbeursboulevard,Utrecht
137,3521BA,Jaarbeursboulevard,Utrecht
139,3521BA,Jaarbeursboulevard,Utrecht
141,3521BA,Jaarbeursboulevard,Utrecht
143,3521BA,Jaarbeursboulevard,Utrecht
145,3521BA,Jaarbeursboulevard,Utrecht
147,3521BA,Jaarbeursboulevard,Utrecht
149,3521BA,Jaarbeursboulevard,Utrecht
151,3521BA,Jaarbeursboulevard,Utrecht
153,3521BA,Jaarbeursboulevard,Utrecht
155,3521BA,Jaarbeursboulevard,Utrecht
157,3521BA,Jaarbeursboulevard,Utrecht
159,3521BA,Jaarbeursboulevard,Utrecht
161,3521BA,Jaarbeursboulevard,Utrecht
163,3521BA,Jaarbeursboulevard,Utrecht
165,3521BA,Jaarbeursboulevard,Utrecht
167,3521BA,Jaarbeursboulevard,Utrecht
169,3521BA,Jaarbeursboulevard,Utrecht
171,3521BA,Jaarbeursboulevard,Utrecht
173,3521BA,Jaarbeursboulevard,Utrecht
175,3521BA,Jaarbeursboulevard,Utrecht
177,3521BA,Jaarbeursboulevard,Utrecht
179,3521BA,Jaarbeursboulevard,Utrecht
181,3521BA,Jaarbeursboulevard,Utrecht
183,3521BA,Jaarbeursboulevard,Utrecht
185,3521BA,Jaarbeursboulevard,Utrecht
187,3521BA,Jaarbeursboulevard,Utrecht
189,3521BA,Jaarbeursboulevard,Utrecht
191,3521BA,Jaarbeursboulevard,Utrecht
193,3521BA,Jaarbeursboulevard,Utrecht
195,3521BA,Jaarbeursboulevard,Utrecht
197,3521BA,Jaarbeursboulevard,Utrecht
199,3521BA,Jaarbeursboulevard,Utrecht
201,3521BA,Jaarbeursboulevard,Utrecht
203,3521BA,Jaarbeursboulevard,Utrecht
205,3521BA,Jaarbeursboulevard,Utrecht
207,3521BA,Jaarbeursboulevard,Utrecht
209,3521BA,Jaarbeursboulevard,Utrecht
211,3521BA,Jaarbeursboulevard,Utrecht
213,3521BA,Jaarbeursboulevard,Utrecht
215,3521BA,Jaarbeursboulevard,Utrecht
217,3521BA,Jaarbeursboulevard,Utrecht
219,3521BA,Jaarbeursboulevard,Utrecht
221,3521BA,Jaarbeursboulevard,Utrecht
223,3521BA,Jaarbeursboulevard,Utrecht
225,3521BA,Jaarbeursboulevard,Utrecht
227,3521BA,Jaarbeursboulevard,Utrecht
229,3521BA,Jaarbeursboulevard,Utrecht
231,3521BA,Jaarbeursboulevard,Utrecht
233,3521BA,Jaarbeursboulevard,Utrecht
235,3521BA,Jaarbeursboulevard,Utrecht
237,3521BA,Jaarbeursboulevard,Utrecht
239,3521BA,Jaarbeursboulevard,Utrecht
241,3521BA,Jaarbeursboulevard,Utrecht
243,3521BA,Jaarbeursboulevard,Utrecht
245,3521BA,Jaarbeursboulevard,Utrecht
247,3521BA,Jaarbeursboulevard,Utrecht
249,3521BA,Jaarbeursboulevard,Utrecht
251,3521BA,Jaarbeursboulevard,Utrecht
253,3521BA,Jaarbeursboulevard,Utrecht
255,3521BA,Jaarbeursboulevard,Utrecht
257,3521BA,Jaarbeursboulevard,Utrecht
259,3521BA,Jaarbeursboulevard,Utrecht
261,3521BA,Jaarbeursboulevard,Utrecht
263,3521BA,Jaarbeursboulevard,Utrecht
265,3521BA,Jaarbeursboulevard,Utrecht
267,3521BA,Jaarbeursboulevard,Utrecht
269,3521BA,Jaarbeursboulevard,Utrecht
271,3521BA,Jaarbeursboulevard,Utrecht
273,3521BA,Jaarbeursboulevard,Utrecht
275,3521BA,Jaarbeursboulevard,Utrecht
277,3521BA,Jaarbeursboulevard,Utrecht
279,3521BA,Jaarbeursboulevard,Utrecht
281,3521BA,Jaarbeursboulevard,Utrecht
283,3521BA,Jaarbeursboulevard,Utrecht
285,3521BA,Jaarbeursboulevard,Utrecht
287,3521BA,Jaarbeursboulevard,Utrecht
289,3521BA,Jaarbeursboulevard,Utrecht
291,3521BA,Jaarbeursboulevard,Utrecht
293,3521BA,Jaarbeursboulevard,Utrecht
295,3521BA,Jaarbeursboulevard,Utrecht
297,3521BA,Jaarbeursboulevard,Utrecht
299,3521BA,Jaarbeursboulevard,Utrecht
301,3521BA,Jaarbeursboulevard,Utrecht
303,3521BA,Jaarbeursboulevard,Utrecht
305,3521BA,Jaarbeursboulevard,Utrecht
307,3521BA,Jaarbeursboulevard,Utrecht
309,3521BA,Jaarbeursboulevard,Utrecht
311,3521BA,Jaarbeursboulevard,Utrecht
313,3521BA,Jaarbeursboulevard,Utrecht
315,3521BA,Jaarbeursboulevard,Utrecht
317,3521BA,Jaarbeursboulevard,Utrecht
319,3521BA,Jaarbeursboulevard,Utrecht
321,3521BA,Jaarbeursboulevard,Utrecht
323,3521BA,Jaarbeursboulevard,Utrecht
325,3521BA,Jaarbeursboulevard,Utrecht
327,3521BA,Jaarbeursboulevard,Utrecht
329,3521BA,Jaarbeursboulevard,Utrecht
331,3521BA,Jaarbeursboulevard,Utrecht
333,3521BA,Jaarbeursboulevard,Utrecht
335,3521BA,Jaarbeursboulevard,Utrecht
337,3521BA,Jaarbeursboulevard,Utrecht
339,3521BA,Jaarbeursboulevard,Utrecht
341,3521BA,Jaarbeursboulevard,Utrecht
343,3521BA,Jaarbeursboulevard,Utrecht
345,3521BA,Jaarbeursboulevard,Utrecht
347,3521BA,Jaarbeursboulevard,Utrecht
349,3521BA,Jaarbeursboulevard,Utrecht
351,3521BA,Jaarbeursboulevard,Utrecht
353,3521BA,Jaarbeursboulevard,Utrecht
355,3521BA,Jaarbeursboulevard,Utrecht
357,3521BA,Jaarbeursboulevard,Utrecht
359,3521BA,Jaarbeursboulevard,Utrecht
361,3521BA,Jaarbeursboulevard,Utrecht
363,3521BA,Jaarbeursboulevard,Utrecht
365,3521BA,Jaarbeursboulevard,Utrecht
367,3521BA,Jaarbeursboulevard,Utrecht
369,3521BA,Jaarbeursboulevard,Utrecht
371,3521BA,Jaarbeursboulevard,Utrecht
373,3521BA,Jaarbeursboulevard,Utrecht
375,3521BA,Jaarbeursboulevard,Utrecht
377,3521BA,Jaarbeursboulevard,Utrecht
379,3521BA,Jaarbeursboulevard,Utrecht
381,3521BA,Jaarbeursboulevard,Utrecht
383,3521BA,Jaarbeursboulevard,Utrecht
385,3521BA,Jaarbeursboulevard,Utrecht
387,3521BA,Jaarbeursboulevard,Utrecht
389,3521BA,Jaarbeursboulevard,Utrecht
391,3521BA,Jaarbeursboulevard,Utrecht
393,3521BA,Jaarbeursboulevard,Utrecht
395,3521BA,Jaarbeursboulevard,Utrecht
397,3521BA,Jaarbeursboulevard,Utrecht
399,3521BA,Jaarbeursboulevard,Utrecht
401,3521BA,Jaarbeursboulevard,Utrecht
403,3521BA,Jaarbeursboulevard,Utrecht
405,3521BA,Jaarbeursboulevard,Utrecht
407,3521BA,Jaarbeursboulevard,Utrecht
409,3521BA,Jaarbeursboulevard,Utrecht
411,3521BA,Jaarbeursboulevard,Utrecht
413,3521BA,Jaarbeursboulevard,Utrecht
415,3521BA,Jaarbeursboulevard,Utrecht
417,3521BA,Jaarbeursboulevard,Utrecht
419,3521BA,Jaarbeursboulevard,Utrecht
421,3521BA,Jaarbeursboulevard,Utrecht
423,3521BA,Jaarbeursboulevard,Utrecht
425,3521BA,Jaarbeursboulevard,Utrecht
427,3521BA,Jaarbeursboulevard,Utrecht
429,3521BA,Jaarbeursboulevard,Utrecht
431,3521BA,Jaarbeursboulevard,Utrecht
433,3521BA,Jaarbeursboulevard,Utrecht
435,3521BA,Jaarbeursboulevard,Utrecht
437,3521BA,Jaarbeursboulevard,Utrecht
439,3521BA,Jaarbeursboulevard,Utrecht
441,3521BA,Jaarbeursboulevard,Utrecht
443,3521BA,Jaarbeursboulevard,Utrecht
445,3521BA,Jaarbeursboulevard,Utrecht
447,3521BA,Jaarbeursboulevard,Utrecht
449,3521BA,Jaarbeursboulevard,Utrecht
451,3521BA,Jaarbeursboulevard,Utrecht
453,3521BA,Jaarbeursboulevard,Utrecht
455,3521BA,Jaarbeursboulevard,Utrecht
457,3521BA,Jaarbeursboulevard,Utrecht
459,3521BA,Jaarbeursboulevard,Utrecht
461,3521BA,Jaarbeursboulevard,Utrecht
463,3521BA,Jaarbeursboulevard,Utrecht
465,3521BA,Jaarbeursboulevard,Utrecht
467,3521BA,Jaarbeursboulevard,Utrecht
469,3521BA,Jaarbeursboulevard,Utrecht
471,3521BA,Jaarbeursboulevard,Utrecht
473,3521BA,Jaarbeursboulevard,Utrecht
475,3521BA,Jaarbeursboulevard,Utrecht
477,3521BA,Jaarbeursboulevard,Utrecht
479,3521BA,Jaarbeursboulevard,Utrecht
481,3521BA,Jaarbeursboulevard,Utrecht
483,3521BA,Jaarbeursboulevard,Utrecht
485,3521BA,Jaarbeursboulevard,Utrecht
487,3521BA,Jaarbeursboulevard,Utrecht
489,3521BA,Jaarbeursboulevard,Utrecht
491,3521BA,Jaarbeursboulevard,Utrecht
493,3521BA,Jaarbeursboulevard,Utrecht
495,3521BA,Jaarbeursboulevard,Utrecht
497,3521BA,Jaarbeursboulevard,Utrecht
499,3521BA,Jaarbeursboulevard,Utrecht
501,3521BA,Jaarbeursboulevard,Utrecht
503,3521BA,Jaarbeursboulevard,Utrecht
505,3521BA,Jaarbeursboulevard,Utrecht
507,3521BA,Jaarbeursboulevard,Utrecht
509,3521BA,Jaarbeursboulevard,Utrecht
511,3521BA,Jaarbeursboulevard,Utrecht
513,3521BA,Jaarbeursboulevard,Utrecht
515,3521BA,Jaarbeursboulevard,Utrecht
517,3521BA,Jaarbeursboulevard,Utrecht
519,3521BA,Jaarbeursboulevard,Utrecht
521,3521BA,Jaarbeursboulevard,Utrecht
523,3521BA,Jaarbeursboulevard,Utrecht
525,3521BA,Jaarbeursboulevard,Utrecht
527,3521BA,Jaarbeursboulevard,Utrecht
529,3521BA,Jaarbeursboulevard,Utrecht
531,3521BA,Jaarbeursboulevard,Utrecht
533,3521BA,Jaarbeursboulevard,Utrecht
535,3521BA,Jaarbeursboulevard,Utrecht
537,3521BA,Jaarbeursboulevard,Utrecht
539,3521BA,Jaarbeursboulevard,Utrecht
541,3521BA,Jaarbeursboulevard,Utrecht
543,3521BA,Jaarbeursboulevard,Utrecht
545,3521BA,Jaarbeursboulevard,Utrecht
547,3521BA,Jaarbeursboulevard,Utrecht
549,3521BA,Jaarbeursboulevard,Utrecht
551,3521BA,Jaarbeursboulevard,Utrecht
553,3521BA,Jaarbeursboulevard,Utrecht
555,3521BA,Jaarbeursboulevard,Utrecht
557,3521BA,Jaarbeursboulevard,Utrecht
559,3521BA,Jaarbeursboulevard,Utrecht
561,3521BA,Jaarbeursboulevard,Utrecht
563,3521BA,Jaarbeursboulevard,Utrecht
565,3521BA,Jaarbeursboulevard,Utrecht
567,3521BA,Jaarbeursboulevard,Utrecht
569,3521BA,Jaarbeursboulevard,Utrecht
571,3521BA,Jaarbeursboulevard,Utrecht
573,3521BA,Jaarbeursboulevard,Utrecht
575,3521BA,Jaarbeursboulevard,Utrecht
577,3521BA,Jaarbeursboulevard,Utrecht
579,3521BA,Jaarbeursboulevard,Utrecht
581,3521BA,Jaarbeursboulevard,Utrecht
583,3521BA,Jaarbeursboulevard,Utrecht
585,3521BA,Jaarbeursboulevard,Utrecht
587,3521BA,Jaarbeursboulevard,Utrecht
589,3521BA,Jaarbeursboulevard,Utrecht
591,3521BA,Jaarbeursboulevard,Utrecht
593,3521BA,Jaarbeursboulevard,Utrecht
595,3521BA,Jaarbeursboulevard,Utrecht
597,3521BA,Jaarbeursboulevard,Utrecht
599,3521BA,Jaarbeursboulevard,Utrecht
601,3521BA,Jaarbeursboulevard,Utrecht
603,3521BA,Jaarbeursboulevard,Utrecht
605,3521BA,Jaarbeursboulevard,Utrecht
607,3521BA,Jaarbeursboulevard,Utrecht
609,3521BA,Jaarbeursboulevard,Utrecht
611,3521BA,Jaarbeursboulevard,Utrecht
613,3521BA,Jaarbeursboulevard,Utrecht
615,3521BA,Jaarbeursboulevard,Utrecht
617,3521BA,Jaarbeursboulevard,Utrecht
619,3521BA,Jaarbeursboulevard,Utrecht
621,3521BA,Jaarbeursboulevard,Utrecht
623,3521BA,Jaarbeursboulevard,Utrecht
625,3521BA,Jaarbeursboulevard,Utrecht
627,3521BA,Jaarbeursboulevard,Utrecht
629,3521BA,Jaarbeursboulevard,Utrecht
631,3521BA,Jaarbeursboulevard,Utrecht
633,3521BA,Jaarbeursboulevard,Utrecht
635,3521BA,Jaarbeursboulevard,Utrecht
637,3521BA,Jaarbeursboulevard,Utrecht
1001,3521BA,Jaarbeursboulevard,Utrecht
1003,3521BA,Jaarbeursboulevard,Utrecht
1000,3521BA,Graadt van Roggenweg,Utrecht
1002,3521BA,Graadt van Roggenweg,Utrecht
1004,3521BA,Graadt van Roggenweg,Utrecht
1006,3521BA,Graadt van Roggenweg,Utrecht
1008,3521BA,Graadt van Roggenweg,Utrecht
362,3521BA,Graadt van Roggenweg,Utrecht
360,3531AH,Graadt van Roggenweg,Utrecht
15,3542CD,Nucleonenweg,Utrecht
17,3543GC,Sigmund Rombergstraat,Utrecht
382,3511PK,Oudegracht aan de Werf,Utrecht
38,3511HC,Westerkade,Utrecht
32,3543GC,Sigmund Rombergstraat,Utrecht
1,3523DB,Ravenoord,Utrecht
2,3523DB,Ravenoord,Utrecht
3,3523DB,Ravenoord,Utrecht
4,3523DB,Ravenoord,Utrecht
5,3523DB,Ravenoord,Utrecht
6,3523DB,Ravenoord,Utrecht
7,3523DB,Ravenoord,Utrecht
8,3523DB,Ravenoord,Utrecht
9,3523DB,Ravenoord,Utrecht
10,3523DB,Ravenoord,Utrecht
11,3523DB,Ravenoord,Utrecht
12,3523DB,Ravenoord,Utrecht
13,3523DB,Ravenoord,Utrecht
14,3523DB,Ravenoord,Utrecht
15,3523DB,Ravenoord,Utrecht
16,3523DB,Ravenoord,Utrecht
17,3523DB,Ravenoord,Utrecht
18,3523DB,Ravenoord,Utrecht
19,3523DB,Ravenoord,Utrecht
20,3523DB,Ravenoord,Utrecht
21,3523DB,Ravenoord,Utrecht
22,3523DB,Ravenoord,Utrecht
23,3523DB,Ravenoord,Utrecht
24,3523DB,Ravenoord,Utrecht
25,3523DB,Ravenoord,Utrecht
26,3523DB,Ravenoord,Utrecht
27,3523DB,Ravenoord,Utrecht
28,3523DB,Ravenoord,Utrecht
29,3523DB,Ravenoord,Utrecht
30,3523DB,Ravenoord,Utrecht
31,3523DB,Ravenoord,Utrecht
32,3523DB,Ravenoord,Utrecht
33,3523DB,Ravenoord,Utrecht
34,3523DB,Ravenoord,Utrecht
35,3523DB,Ravenoord,Utrecht
36,3523DB,Ravenoord,Utrecht
37,3523DB,Ravenoord,Utrecht
38,3523DB,Ravenoord,Utrecht
39,3523DB,Ravenoord,Utrecht
40,3523DB,Ravenoord,Utrecht
41,3523DB,Ravenoord,Utrecht
42,3523DB,Ravenoord,Utrecht
43,3523DB,Ravenoord,Utrecht
44,3523DB,Ravenoord,Utrecht
45,3523DB,Ravenoord,Utrecht
46,3523DB,Ravenoord,Utrecht
47,3523DB,Ravenoord,Utrecht
48,3523DB,Ravenoord,Utrecht
49,3523DB,Ravenoord,Utrecht
50,3523DB,Ravenoord,Utrecht
51,3523DB,Ravenoord,Utrecht
52,3523DB,Ravenoord,Utrecht
53,3523DB,Ravenoord,Utrecht
54,3523DB,Ravenoord,Utrecht
55,3523DB,Ravenoord,Utrecht
56,3523DB,Ravenoord,Utrecht
57,3523DB,Ravenoord,Utrecht
58,3523DB,Ravenoord,Utrecht
59,3523DB,Ravenoord,Utrecht
60,3523DB,Ravenoord,Utrecht
61,3523DB,Ravenoord,Utrecht
62,3523DB,Ravenoord,Utrecht
63,3523DB,Ravenoord,Utrecht
64,3523DB,Ravenoord,Utrecht
65,3523DB,Ravenoord,Utrecht
66,3523DB,Ravenoord,Utrecht
67,3523DB,Ravenoord,Utrecht
68,3523DB,Ravenoord,Utrecht
69,3523DB,Ravenoord,Utrecht
70,3523DB,Ravenoord,Utrecht
71,3523DB,Ravenoord,Utrecht
72,3523DB,Ravenoord,Utrecht
73,3523DB,Ravenoord,Utrecht
74,3523DB,Ravenoord,Utrecht
75,3523DB,Ravenoord,Utrecht
76,3523DB,Ravenoord,Utrecht
77,3523DB,Ravenoord,Utrecht
78,3523DB,Ravenoord,Utrecht
79,3523DB,Ravenoord,Utrecht
80,3523DB,Ravenoord,Utrecht
81,3523DB,Ravenoord,Utrecht
82,3523DB,Ravenoord,Utrecht
83,3523DB,Ravenoord,Utrecht
84,3523DB,Ravenoord,Utrecht
85,3523DB,Ravenoord,Utrecht
86,3523DB,Ravenoord,Utrecht
87,3523DB,Ravenoord,Utrecht
88,3523DB,Ravenoord,Utrecht
89,3523DB,Ravenoord,Utrecht
90,3523DB,Ravenoord,Utrecht
91,3523DB,Ravenoord,Utrecht
92,3523DB,Ravenoord,Utrecht
93,3523DB,Ravenoord,Utrecht
94,3523DB,Ravenoord,Utrecht
95,3523DB,Ravenoord,Utrecht
96,3523DB,Ravenoord,Utrecht
97,3523DB,Ravenoord,Utrecht
98,3523DB,Ravenoord,Utrecht
99,3523DB,Ravenoord,Utrecht
100,3523DB,Ravenoord,Utrecht
101,3523DB,Ravenoord,Utrecht
102,3523DB,Ravenoord,Utrecht
103,3523DB,Ravenoord,Utrecht
104,3523DB,Ravenoord,Utrecht
105,3523DB,Ravenoord,Utrecht
106,3523DB,Ravenoord,Utrecht
107,3523DB,Ravenoord,Utrecht
108,3523DB,Ravenoord,Utrecht
109,3523DB,Ravenoord,Utrecht
110,3523DB,Ravenoord,Utrecht
111,3523DB,Ravenoord,Utrecht
112,3523DB,Ravenoord,Utrecht
113,3523DB,Ravenoord,Utrecht
114,3523DB,Ravenoord,Utrecht
115,3523DB,Ravenoord,Utrecht
116,3523DB,Ravenoord,Utrecht
117,3523DB,Ravenoord,Utrecht
118,3523DB,Ravenoord,Utrecht
119,3523DB,Ravenoord,Utrecht
120,3523DB,Ravenoord,Utrecht
121,3523DB,Ravenoord,Utrecht
122,3523DB,Ravenoord,Utrecht
123,3523DB,Ravenoord,Utrecht
124,3523DB,Ravenoord,Utrecht
125,3523DB,Ravenoord,Utrecht
126,3523DB,Ravenoord,Utrecht
127,3523DB,Ravenoord,Utrecht
128,3523DB,Ravenoord,Utrecht
129,3523DB,Ravenoord,Utrecht
130,3523DB,Ravenoord,Utrecht
131,3523DB,Ravenoord,Utrecht
132,3523DB,Ravenoord,Utrecht
133,3523DB,Ravenoord,Utrecht
134,3523DB,Ravenoord,Utrecht
135,3523DB,Ravenoord,Utrecht
136,3523DB,Ravenoord,Utrecht
137,3523DB,Ravenoord,Utrecht
138,3523DB,Ravenoord,Utrecht
139,3523DB,Ravenoord,Utrecht
140,3523DB,Ravenoord,Utrecht
141,3523DB,Ravenoord,Utrecht
142,3523DB,Ravenoord,Utrecht
143,3523DB,Ravenoord,Utrecht
144,3523DB,Ravenoord,Utrecht
145,3523DB,Ravenoord,Utrecht
146,3523DB,Ravenoord,Utrecht
147,3523DB,Ravenoord,Utrecht
148,3523DB,Ravenoord,Utrecht
149,3523DB,Ravenoord,Utrecht
150,3523DB,Ravenoord,Utrecht
151,3523DB,Ravenoord,Utrecht
152,3523DB,Ravenoord,Utrecht
153,3523DB,Ravenoord,Utrecht
154,3523DB,Ravenoord,Utrecht
155,3523DB,Ravenoord,Utrecht
156,3523DB,Ravenoord,Utrecht
157,3523DB,Ravenoord,Utrecht
158,3523DB,Ravenoord,Utrecht
159,3523DB,Ravenoord,Utrecht
160,3523DB,Ravenoord,Utrecht
161,3523DB,Ravenoord,Utrecht
162,3523DB,Ravenoord,Utrecht
163,3523DB,Ravenoord,Utrecht
164,3523DB,Ravenoord,Utrecht
165,3523DB,Ravenoord,Utrecht
166,3523DB,Ravenoord,Utrecht
167,3523DB,Ravenoord,Utrecht
168,3523DB,Ravenoord,Utrecht
169,3523DB,Ravenoord,Utrecht
170,3523DB,Ravenoord,Utrecht
171,3523DB,Ravenoord,Utrecht
172,3523DB,Ravenoord,Utrecht
173,3523DB,Ravenoord,Utrecht
174,3523DB,Ravenoord,Utrecht
175,3523DB,Ravenoord,Utrecht
176,3523DB,Ravenoord,Utrecht
177,3523DB,Ravenoord,Utrecht
178,3523DB,Ravenoord,Utrecht
179,3523DB,Ravenoord,Utrecht
180,3523DB,Ravenoord,Utrecht
181,3523DB,Ravenoord,Utrecht
182,3523DB,Ravenoord,Utrecht
183,3523DB,Ravenoord,Utrecht
184,3523DB,Ravenoord,Utrecht
185,3523DB,Ravenoord,Utrecht
186,3523DB,Ravenoord,Utrecht
187,3523DB,Ravenoord,Utrecht
188,3523DB,Ravenoord,Utrecht
189,3523DB,Ravenoord,Utrecht
190,3523DB,Ravenoord,Utrecht
191,3523DB,Ravenoord,Utrecht
192,3523DB,Ravenoord,Utrecht
193,3523DB,Ravenoord,Utrecht
194,3523DB,Ravenoord,Utrecht
195,3523DB,Ravenoord,Utrecht
196,3523DB,Ravenoord,Utrecht
197,3523DB,Ravenoord,Utrecht
198,3523DB,Ravenoord,Utrecht
199,3523DB,Ravenoord,Utrecht
200,3523DB,Ravenoord,Utrecht
201,3523DB,Ravenoord,Utrecht
202,3523DB,Ravenoord,Utrecht
203,3523DB,Ravenoord,Utrecht
204,3523DB,Ravenoord,Utrecht
205,3523DB,Ravenoord,Utrecht
206,3523DB,Ravenoord,Utrecht
207,3523DB,Ravenoord,Utrecht
208,3523DB,Ravenoord,Utrecht
209,3523DB,Ravenoord,Utrecht
210,3523DB,Ravenoord,Utrecht
211,3523DB,Ravenoord,Utrecht
212,3523DB,Ravenoord,Utrecht
213,3523DB,Ravenoord,Utrecht
214,3523DB,Ravenoord,Utrecht
215,3523DB,Ravenoord,Utrecht
216,3523DB,Ravenoord,Utrecht
217,3523DB,Ravenoord,Utrecht
218,3523DB,Ravenoord,Utrecht
219,3523DB,Ravenoord,Utrecht
220,3523DB,Ravenoord,Utrecht
221,3523DB,Ravenoord,Utrecht
222,3523DB,Ravenoord,Utrecht
223,3523DB,Ravenoord,Utrecht
224,3523DB,Ravenoord,Utrecht
225,3523DB,Ravenoord,Utrecht
226,3523DB,Ravenoord,Utrecht
227,3523DB,Ravenoord,Utrecht
228,3523DB,Ravenoord,Utrecht
229,3523DB,Ravenoord,Utrecht
230,3523DB,Ravenoord,Utrecht
231,3523DB,Ravenoord,Utrecht
232,3523DB,Ravenoord,Utrecht
233,3523DB,Ravenoord,Utrecht
234,3523DB,Ravenoord,Utrecht
235,3523DB,Ravenoord,Utrecht
236,3523DB,Ravenoord,Utrecht
237,3523DB,Ravenoord,Utrecht
238,3523DB,Ravenoord,Utrecht
399,3527XK,Van Bijnkershoeklaan,Utrecht
401,3527XK,Van Bijnkershoeklaan,Utrecht
403,3527XK,Van Bijnkershoeklaan,Utrecht
4,3904JX,Varenmos,Veenendaal
30,3905ZG,Zonnebloemstraat,Veenendaal
3,3904JX,Varenmos,Veenendaal
16,3901RT,Valleistraat,Veenendaal
15,3901RS,Valleistraat,Veenendaal
14,3901RT,Valleistraat,Veenendaal
11,3901RS,Valleistraat,Veenendaal
568,3902XS,Zuiderkruis,Veenendaal
24,3905AG,Korte Molenstraat,Veenendaal
4,3905WX,Vollewens,Veenendaal
77,3902ZA,Valleistraat,Veenendaal
276,3902XJ,Zuiderkruis,Veenendaal
275,3902WJ,Zuiderkruis,Veenendaal
274,3902XJ,Zuiderkruis,Veenendaal
47,3902GS,Lemoen,Veenendaal
45,3902GS,Lemoen,Veenendaal
43,3902GS,Lemoen,Veenendaal
147,3901EN,De Sterke Arm,Veenendaal
161,3901EP,De Sterke Arm,Veenendaal
143,3901EN,De Sterke Arm,Veenendaal
137,3901EN,De Sterke Arm,Veenendaal
135,3901EN,De Sterke Arm,Veenendaal
133,3901EN,De Sterke Arm,Veenendaal
131,3901EN,De Sterke Arm,Veenendaal
149,3901EP,De Sterke Arm,Veenendaal
1,3905KL,Donsvlinderstraat,Veenendaal
25,3904ND,Donge,Veenendaal
34,3902ES,Gersteveld,Veenendaal
16,3906CH,Griegstraat,Veenendaal
27,3904ND,Donge,Veenendaal
17,3902HA,Groeneveldselaan,Veenendaal
37,3902EM,Gersteveld,Veenendaal
5,3905RA,Edelvalk,Veenendaal
11,3906AM,Distelvink,Veenendaal
6,3905RB,Edelvalk,Veenendaal
29,3903EG,Framboos,Veenendaal
23,3902EA,Haverveld,Veenendaal
21,3902EA,Haverveld,Veenendaal
20,3902EB,Haverveld,Veenendaal
19,3902EA,Haverveld,Veenendaal
25,3902HG,Grebbeweg,Veenendaal
227,3901GT,Hollandia,Veenendaal
225,3901GT,Hollandia,Veenendaal
223,3901GT,Hollandia,Veenendaal
217,3901GT,Hollandia,Veenendaal
20,3902VD,Noorderkroon,Veenendaal
215,3901GT,Hollandia,Veenendaal
1,3903DK,Grootveldlaan,Veenendaal
2,3906WT,H.K. Pootstraat,Veenendaal
