6211EK,34,,Muntstraat,Maastricht
6211EK,36,,Muntstraat,Maastricht
6211EK,38,,Muntstraat,Maastricht
6211EK,46,,Muntstraat,Maastricht
6211EK,48,,Muntstraat,Maastricht
6211EK,50,,Muntstraat,Maastricht
6211EL,1,,Hoenderstraat,Maastricht
6211EL,11,,Hoenderstraat,Maastricht
6211EL,13,,Hoenderstraat,Maastricht
6211EL,17,01,Hoenderstraat,Maastricht
6211EL,17,02,Hoenderstraat,Maastricht
6211EL,17,03,Hoenderstraat,Maastricht
6211EL,17,04,Hoenderstraat,Maastricht
6211EL,17,05,Hoenderstraat,Maastricht
6211EL,19,,Hoenderstraat,Maastricht
6211EL,19,01,Hoenderstraat,Maastricht
6211EL,19,02,Hoenderstraat,Maastricht
6211EL,19,03,Hoenderstraat,Maastricht
6211EL,19,04,Hoenderstraat,Maastricht
6211EL,21,,Hoenderstraat,Maastricht
6211EL,3,,Hoenderstraat,Maastricht
6211EL,3,11,Hoenderstraat,Maastricht
6211EL,3,12,Hoenderstraat,Maastricht
6211EL,3,13,Hoenderstraat,Maastricht
6211EL,3,14,Hoenderstraat,Maastricht
6211EL,3,15,Hoenderstraat,Maastricht
6211EL,3,16,Hoenderstraat,Maastricht
6211EL,3,21,Hoenderstraat,Maastricht
6211EL,3,22,Hoenderstraat,Maastricht
6211EL,3,23,Hoenderstraat,Maastricht
6211EL,3,24,Hoenderstraat,Maastricht
6211EL,3,25,Hoenderstraat,Maastricht
6211EL,3,26,Hoenderstraat,Maastricht
6211EL,3,31,Hoenderstraat,Maastricht
6211EL,3,32,Hoenderstraat,Maastricht
6211EL,3,33,Hoenderstraat,Maastricht
6211EL,3,34,Hoenderstraat,Maastricht
6211EL,3,35,Hoenderstraat,Maastricht
6211EL,3,36,Hoenderstraat,Maastricht
6211EL,3,41,Hoenderstraat,Maastricht
6211EL,3,42,Hoenderstraat,Maastricht
6211EL,3,43,Hoenderstraat,Maastricht
6211EL,51,,Hoenderstraat,Maastricht
6211EL,5,,Hoenderstraat,Maastricht
6211EL,7,,Hoenderstraat,Maastricht
6211EL,9,,Hoenderstraat,Maastricht
6211EM,10,,Hoenderstraat,Maastricht
6211EM,12,,Hoenderstraat,Maastricht
6211EM,14,,Hoenderstraat,Maastricht
6211EM,16,,Hoenderstraat,Maastricht
6211EM,16,01,Hoenderstraat,Maastricht
6211EM,16,02,Hoenderstraat,Maastricht
6211EM,16,03,Hoenderstraat,Maastricht
6211EM,18,,Hoenderstraat,Maastricht
6211EM,2,,Hoenderstraat,Maastricht
6211EM,20,,Hoenderstraat,Maastricht
6211EM,22,,Hoenderstraat,Maastricht
6211EM,24,,Hoenderstraat,Maastricht
6211EM,28,,Hoenderstraat,Maastricht
6211EM,30,,Hoenderstraat,Maastricht
6211EM,32,,Hoenderstraat,Maastricht
6211EM,34,,Hoenderstraat,Maastricht
6211EM,4,,Hoenderstraat,Maastricht
6211EM,6,,Hoenderstraat,Maastricht
6211EM,8,,Hoenderstraat,Maastricht
6211EN,40,,Kesselskade,Maastricht
6211EN,42,,Kesselskade,Maastricht
6211EN,43,,Kesselskade,Maastricht
6211EN,45,,Kesselskade,Maastricht
6211EN,47,,Kesselskade,Maastricht
6211EN,48,,Kesselskade,Maastricht
6211EN,49,,Kesselskade,Maastricht
6211EN,50,,Kesselskade,Maastricht
6211EN,51,,Kesselskade,Maastricht
6211EN,52,,Kesselskade,Maastricht
6211EN,53,01,Kesselskade,Maastricht
6211EN,53,02,Kesselskade,Maastricht
6211EN,53,03,Kesselskade,Maastricht
6211EN,53,04,Kesselskade,Maastricht
6211EN,53,05,Kesselskade,Maastricht
6211EN,53,06,Kesselskade,Maastricht
6211EN,53,07,Kesselskade,Maastricht
6211EN,53,08,Kesselskade,Maastricht
6211EN,53,11,Kesselskade,Maastricht
6211EN,53,12,Kesselskade,Maastricht
6211EN,53,13,Kesselskade,Maastricht
6211EN,53,14,Kesselskade,Maastricht
6211EN,53,15,Kesselskade,Maastricht
6211EN,53,16,Kesselskade,Maastricht
6211EN,53,17,Kesselskade,Maastricht
6211EN,53,18,Kesselskade,Maastricht
6211EN,53,491,Kesselskade,Maastricht
6211EN,53,492,Kesselskade,Maastricht
6211EN,53,501,Kesselskade,Maastricht
6211EN,53,21,Kesselskade,Maastricht
6211EN,53,22,Kesselskade,Maastricht
6211EN,53,23,Kesselskade,Maastricht
6211EN,53,24,Kesselskade,Maastricht
6211EN,53,25,Kesselskade,Maastricht
6211EN,53,26,Kesselskade,Maastricht
6211EN,53,27,Kesselskade,Maastricht
6211EN,53,28,Kesselskade,Maastricht
6211EN,53,502,Kesselskade,Maastricht
6211EN,54,,Kesselskade,Maastricht
6211EN,55,,Kesselskade,Maastricht
6211EN,56,,Kesselskade,Maastricht
6211EN,58,,Kesselskade,Maastricht
6211EN,59,,Kesselskade,Maastricht
6211EN,60,,Kesselskade,Maastricht
6211EN,61,,Kesselskade,Maastricht
6211EN,62,,Kesselskade,Maastricht
6211EN,63,,Kesselskade,Maastricht
6211EN,64,,Kesselskade,Maastricht
6211EN,65,,Kesselskade,Maastricht
6211EN,66,,Kesselskade,Maastricht
6211EP,1,,Mariastraat,Maastricht
6211EP,11,,Mariastraat,Maastricht
6211EP,13,,Mariastraat,Maastricht
6211EP,17,,Mariastraat,Maastricht
6211EP,19,,Mariastraat,Maastricht
6211EP,2,,Mariastraat,Maastricht
6211EP,21,,Mariastraat,Maastricht
6211EP,23,,Mariastraat,Maastricht
6211EP,25,,Mariastraat,Maastricht
6211EP,3,,Mariastraat,Maastricht
6211EP,4,,Mariastraat,Maastricht
6211EP,5,,Mariastraat,Maastricht
6211EP,6,,Mariastraat,Maastricht
6211EP,6,01,Mariastraat,Maastricht
6211EP,6,02,Mariastraat,Maastricht
6211EP,7,,Mariastraat,Maastricht
6211EP,8,,Mariastraat,Maastricht
6211EP,9,,Mariastraat,Maastricht
6211ER,10,,Jodenstraat,Maastricht
6211ER,10,11,Jodenstraat,Maastricht
6211ER,10,12,Jodenstraat,Maastricht
6211ER,10,13,Jodenstraat,Maastricht
6211ER,10,21,Jodenstraat,Maastricht
6211ER,10,22,Jodenstraat,Maastricht
6211ER,10,23,Jodenstraat,Maastricht
6211ER,11,,Jodenstraat,Maastricht
6211ER,12,,Jodenstraat,Maastricht
6211ER,13,,Jodenstraat,Maastricht
6211ER,14,,Jodenstraat,Maastricht
6211ER,15,,Jodenstraat,Maastricht
6211ER,16,,Jodenstraat,Maastricht
6211ER,18,,Jodenstraat,Maastricht
6211ER,1,,Jodenstraat,Maastricht
6211ER,1,01,Jodenstraat,Maastricht
6211ER,1,02,Jodenstraat,Maastricht
6211ER,1,03,Jodenstraat,Maastricht
6211ER,1,04,Jodenstraat,Maastricht
6211ER,1,05,Jodenstraat,Maastricht
6211ER,1,06,Jodenstraat,Maastricht
6211ER,2,,Jodenstraat,Maastricht
6211ER,20,,Jodenstraat,Maastricht
6211ER,21,01,Jodenstraat,Maastricht
6211ER,21,02,Jodenstraat,Maastricht
6211ER,21,03,Jodenstraat,Maastricht
6211ER,22,,Jodenstraat,Maastricht
6211ER,23,01,Jodenstraat,Maastricht
6211ER,23,02,Jodenstraat,Maastricht
6211ER,23,03,Jodenstraat,Maastricht
6211ER,24,,Jodenstraat,Maastricht
6211ER,26,,Jodenstraat,Maastricht
6211ER,28,,Jodenstraat,Maastricht
6211ER,3,,Jodenstraat,Maastricht
6211ER,30,,Jodenstraat,Maastricht
6211ER,32,,Jodenstraat,Maastricht
6211ER,34,,Jodenstraat,Maastricht
6211ER,4,,Jodenstraat,Maastricht
6211ER,6,,Jodenstraat,Maastricht
6211ER,7,11,Jodenstraat,Maastricht
6211ER,7,12,Jodenstraat,Maastricht
6211ER,7,13,Jodenstraat,Maastricht
6211ER,7,14,Jodenstraat,Maastricht
6211ER,7,21,Jodenstraat,Maastricht
6211ER,7,22,Jodenstraat,Maastricht
6211ER,7,23,Jodenstraat,Maastricht
6211ER,7,24,Jodenstraat,Maastricht
6211ER,7,31,Jodenstraat,Maastricht
6211ER,7,32,Jodenstraat,Maastricht
6211ER,7,33,Jodenstraat,Maastricht
6211ER,7,34,Jodenstraat,Maastricht
6211ER,8,,Jodenstraat,Maastricht
6211ER,9,,Jodenstraat,Maastricht
6211ES,1,,Maastrichter Brugstraat,Maastricht
6211ES,11,,Maastrichter Brugstraat,Maastricht
6211ES,13,,Maastrichter Brugstraat,Maastricht
6211ES,15,,Maastrichter Brugstraat,Maastricht
6211ES,17,,Maastrichter Brugstraat,Maastricht
6211ES,19,,Maastrichter Brugstraat,Maastricht
6211ES,21,,Maastrichter Brugstraat,Maastricht
6211ES,23,,Maastrichter Brugstraat,Maastricht
6211ES,25,,Maastrichter Brugstraat,Maastricht
6211ES,27,,Maastrichter Brugstraat,Maastricht
6211ES,29,,Maastrichter Brugstraat,Maastricht
6211ES,3,,Maastrichter Brugstraat,Maastricht
6211ES,31,,Maastrichter Brugstraat,Maastricht
6211ES,33,,Maastrichter Brugstraat,Maastricht
6211ES,35,,Maastrichter Brugstraat,Maastricht
6211ES,5,,Maastrichter Brugstraat,Maastricht
6211ES,7,,Maastrichter Brugstraat,Maastricht
6211ES,9,,Maastrichter Brugstraat,Maastricht
6211ET,10,,Maastrichter Brugstraat,Maastricht
6211ET,12,,Maastrichter Brugstraat,Maastricht
6211ET,14,,Maastrichter Brugstraat,Maastricht
6211ET,16,,Maastrichter Brugstraat,Maastricht
6211ET,18,,Maastrichter Brugstraat,Maastricht
6211ET,2,,Maastrichter Brugstraat,Maastricht
6211ET,20,,Maastrichter Brugstraat,Maastricht
6211ET,22,,Maastrichter Brugstraat,Maastricht
6211ET,24,,Maastrichter Brugstraat,Maastricht
6211ET,26,,Maastrichter Brugstraat,Maastricht
6211ET,28,,Maastrichter Brugstraat,Maastricht
6211ET,30,,Maastrichter Brugstraat,Maastricht
6211ET,32,,Maastrichter Brugstraat,Maastricht
6211ET,34,,Maastrichter Brugstraat,Maastricht
6211ET,4,,Maastrichter Brugstraat,Maastricht
6211ET,6,,Maastrichter Brugstraat,Maastricht
6211ET,6,01,Maastrichter Brugstraat,Maastricht
6211ET,6,02,Maastrichter Brugstraat,Maastricht
6211ET,8,,Maastrichter Brugstraat,Maastricht
6211EV,1,,Vissersmaas,Maastricht
6211EV,1,01,Vissersmaas,Maastricht
6211EV,1,02,Vissersmaas,Maastricht
6211EV,2,,Vissersmaas,Maastricht
6211EV,3,,Vissersmaas,Maastricht
6211EV,4,,Vissersmaas,Maastricht
6211EV,5,,Vissersmaas,Maastricht
6211EV,6,,Vissersmaas,Maastricht
6211EW,4,,Kleine Stokstraat,Maastricht
6211EW,6,,Kleine Stokstraat,Maastricht
6211EX,1,,Het Bat,Maastricht
6211EX,12,,Het Bat,Maastricht
6211EX,2,,Het Bat,Maastricht
6211EX,4,,Het Bat,Maastricht
6211EX,5,,Het Bat,Maastricht
6211EX,6,,Het Bat,Maastricht
6211EX,7,,Het Bat,Maastricht
6211EX,8,,Het Bat,Maastricht
6211EZ,100,,Het Bat,Maastricht
6211EZ,13,,Het Bat,Maastricht
6211EZ,14,,Het Bat,Maastricht
6211EZ,15,,Het Bat,Maastricht
6211EZ,16,,Het Bat,Maastricht
6211EZ,17,,Het Bat,Maastricht
6211EZ,18,,Het Bat,Maastricht
6211EZ,21,,Het Bat,Maastricht
6211EZ,23,,Het Bat,Maastricht
6211EZ,24,,Het Bat,Maastricht
6211GA,10,,Plankstraat,Maastricht
6211GA,11,,Plankstraat,Maastricht
6211GA,13,,Plankstraat,Maastricht
6211GA,15,,Plankstraat,Maastricht
6211GA,20,,Plankstraat,Maastricht
6211GA,23,,Plankstraat,Maastricht
6211GA,25,,Plankstraat,Maastricht
6211GA,27,,Plankstraat,Maastricht
6211GA,29,,Plankstraat,Maastricht
6211GA,4,,Plankstraat,Maastricht
6211GA,6,,Plankstraat,Maastricht
6211GA,7,,Plankstraat,Maastricht
6211GA,8,,Plankstraat,Maastricht
6211GA,9,,Plankstraat,Maastricht
6211GB,1,,Stokstraat,Maastricht
6211GB,11,,Stokstraat,Maastricht
6211GB,13,,Stokstraat,Maastricht
6211GB,15,,Stokstraat,Maastricht
6211GB,17,,Stokstraat,Maastricht
6211GB,21,,Stokstraat,Maastricht
6211GB,25,,Stokstraat,Maastricht
6211GB,29,,Stokstraat,Maastricht
6211GB,3,,Stokstraat,Maastricht
6211GB,31,,Stokstraat,Maastricht
6211GB,33,,Stokstraat,Maastricht
6211GB,35,,Stokstraat,Maastricht
6211GB,37,,Stokstraat,Maastricht
6211GB,5,,Stokstraat,Maastricht
6211GB,7,,Stokstraat,Maastricht
6211GB,9,,Stokstraat,Maastricht
6211GC,41,,Stokstraat,Maastricht
6211GC,47,,Stokstraat,Maastricht
6211GC,49,,Stokstraat,Maastricht
6211GC,51,,Stokstraat,Maastricht
6211GC,53,,Stokstraat,Maastricht
6211GC,55,,Stokstraat,Maastricht
6211GC,57,,Stokstraat,Maastricht
6211GC,59,,Stokstraat,Maastricht
6211GD,10,,Stokstraat,Maastricht
6211GD,12,,Stokstraat,Maastricht
6211GD,14,,Stokstraat,Maastricht
6211GD,16,,Stokstraat,Maastricht
6211GD,2,,Stokstraat,Maastricht
6211GD,20,,Stokstraat,Maastricht
6211GD,22,,Stokstraat,Maastricht
6211GD,24,,Stokstraat,Maastricht
6211GD,28,,Stokstraat,Maastricht
6211GD,30,,Stokstraat,Maastricht
6211GD,32,,Stokstraat,Maastricht
6211GD,34,,Stokstraat,Maastricht
6211GD,38,,Stokstraat,Maastricht
6211GD,4,,Stokstraat,Maastricht
6211GD,44,,Stokstraat,Maastricht
6211GD,46,,Stokstraat,Maastricht
6211GD,6,,Stokstraat,Maastricht
6211GD,8,,Stokstraat,Maastricht
6211GE,11,,Morenstraat,Maastricht
6211GE,5,,Morenstraat,Maastricht
6211GE,9,,Morenstraat,Maastricht
6211GG,1,,Eksterstraat,Maastricht
6211GH,1,,Eikelstraat,Maastricht
6211GH,5,,Eikelstraat,Maastricht
6211GJ,11,,Havenstraat,Maastricht
6211GJ,13,,Havenstraat,Maastricht
6211GJ,14,,Havenstraat,Maastricht
6211GJ,15,,Havenstraat,Maastricht
6211GJ,17,,Havenstraat,Maastricht
6211GJ,19,,Havenstraat,Maastricht
6211GJ,2,,Havenstraat,Maastricht
6211GJ,21,,Havenstraat,Maastricht
6211GJ,23,,Havenstraat,Maastricht
6211GJ,3,,Havenstraat,Maastricht
6211GJ,30,,Havenstraat,Maastricht
6211GJ,32,,Havenstraat,Maastricht
6211GJ,34,,Havenstraat,Maastricht
6211GJ,36,,Havenstraat,Maastricht
6211GJ,38,,Havenstraat,Maastricht
6211GJ,40,,Havenstraat,Maastricht
6211GJ,42,,Havenstraat,Maastricht
6211GJ,44,,Havenstraat,Maastricht
6211GJ,46,,Havenstraat,Maastricht
6211GJ,48,,Havenstraat,Maastricht
6211GJ,4,01,Havenstraat,Maastricht
6211GJ,4,02,Havenstraat,Maastricht
6211GJ,4,03,Havenstraat,Maastricht
6211GJ,4,04,Havenstraat,Maastricht
6211GJ,4,05,Havenstraat,Maastricht
6211GJ,4,06,Havenstraat,Maastricht
6211GJ,5,,Havenstraat,Maastricht
6211GJ,50,,Havenstraat,Maastricht
6211GJ,5,01,Havenstraat,Maastricht
6211GJ,5,02,Havenstraat,Maastricht
6211GJ,5,03,Havenstraat,Maastricht
6211GJ,7,,Havenstraat,Maastricht
6211GJ,8,,Havenstraat,Maastricht
6211GJ,9,,Havenstraat,Maastricht
6211GK,1,,Maastrichter Smedenstraat,Maastricht
6211GK,11,,Maastrichter Smedenstraat,Maastricht
6211GK,13,,Maastrichter Smedenstraat,Maastricht
6211GK,15,,Maastrichter Smedenstraat,Maastricht
6211GK,17,,Maastrichter Smedenstraat,Maastricht
6211GK,19,,Maastrichter Smedenstraat,Maastricht
6211GK,21,,Maastrichter Smedenstraat,Maastricht
6211GK,23,,Maastrichter Smedenstraat,Maastricht
6211GK,25,,Maastrichter Smedenstraat,Maastricht
6211GK,27,,Maastrichter Smedenstraat,Maastricht
6211GK,29,,Maastrichter Smedenstraat,Maastricht
6211GK,3,,Maastrichter Smedenstraat,Maastricht
6211GK,5,,Maastrichter Smedenstraat,Maastricht
6211GK,7,,Maastrichter Smedenstraat,Maastricht
6211GK,9,,Maastrichter Smedenstraat,Maastricht
6211GL,12,,Maastrichter Smedenstraat,Maastricht
6211GL,16,,Maastrichter Smedenstraat,Maastricht
6211GL,18,,Maastrichter Smedenstraat,Maastricht
6211GL,2,,Maastrichter Smedenstraat,Maastricht
6211GL,20,,Maastrichter Smedenstraat,Maastricht
6211GL,22,,Maastrichter Smedenstraat,Maastricht
6211GL,24,,Maastrichter Smedenstraat,Maastricht
6211GL,26,,Maastrichter Smedenstraat,Maastricht
6211GL,28,,Maastrichter Smedenstraat,Maastricht
6211GL,4,,Maastrichter Smedenstraat,Maastricht
6211GL,6,,Maastrichter Smedenstraat,Maastricht
6211GL,8,,Maastrichter Smedenstraat,Maastricht
6211GM,11,,Wolfstraat,Maastricht
6211GM,13,,Wolfstraat,Maastricht
6211GM,17,,Wolfstraat,Maastricht
6211GM,21,,Wolfstraat,Maastricht
6211GM,23,,Wolfstraat,Maastricht
6211GM,25,,Wolfstraat,Maastricht
6211GM,27,,Wolfstraat,Maastricht
6211GM,29,,Wolfstraat,Maastricht
6211GM,33,,Wolfstraat,Maastricht
6211GM,37,,Wolfstraat,Maastricht
6211GM,39,,Wolfstraat,Maastricht
6211GM,41,,Wolfstraat,Maastricht
6211GM,5,,Wolfstraat,Maastricht
6211GM,7,,Wolfstraat,Maastricht
6211GM,9,,Wolfstraat,Maastricht
6211GM,9,01,Wolfstraat,Maastricht
6211GM,9,02,Wolfstraat,Maastricht
6211GN,10,,Wolfstraat,Maastricht
6211GN,12,,Wolfstraat,Maastricht
6211GN,14,,Wolfstraat,Maastricht
6211GN,16,,Wolfstraat,Maastricht
6211GN,18,,Wolfstraat,Maastricht
6211GN,2,,Wolfstraat,Maastricht
6211GN,20,,Wolfstraat,Maastricht
6211GN,22,,Wolfstraat,Maastricht
6211GN,24,,Wolfstraat,Maastricht
6211GN,26,,Wolfstraat,Maastricht
6211GN,28,,Wolfstraat,Maastricht
6211GN,30,,Wolfstraat,Maastricht
6211GN,32,,Wolfstraat,Maastricht
6211GN,4,,Wolfstraat,Maastricht
6211GN,6,,Wolfstraat,Maastricht
6211GN,8,,Wolfstraat,Maastricht
6211GP,10,,Kersenmarkt,Maastricht
6211GP,3,,Kersenmarkt,Maastricht
6211GR,1,,Achter het Vleeshuis,Maastricht
6211GR,11,,Achter het Vleeshuis,Maastricht
6211GR,13,,Achter het Vleeshuis,Maastricht
6211GR,15,,Achter het Vleeshuis,Maastricht
6211GR,17,,Achter het Vleeshuis,Maastricht
6211GR,19,,Achter het Vleeshuis,Maastricht
6211GR,21,,Achter het Vleeshuis,Maastricht
6211GR,25,,Achter het Vleeshuis,Maastricht
6211GR,27,,Achter het Vleeshuis,Maastricht
6211GR,29,,Achter het Vleeshuis,Maastricht
6211GR,3,,Achter het Vleeshuis,Maastricht
6211GR,31,,Achter het Vleeshuis,Maastricht
6211GR,33,,Achter het Vleeshuis,Maastricht
6211GR,35,,Achter het Vleeshuis,Maastricht
6211GR,37,,Achter het Vleeshuis,Maastricht
6211GR,39,,Achter het Vleeshuis,Maastricht
6211GR,41,,Achter het Vleeshuis,Maastricht
6211GR,5,,Achter het Vleeshuis,Maastricht
6211GR,7,,Achter het Vleeshuis,Maastricht
6211GR,9,,Achter het Vleeshuis,Maastricht
6211GS,26,,Achter het Vleeshuis,Maastricht
6211GS,30,,Achter het Vleeshuis,Maastricht
6211GS,32,,Achter het Vleeshuis,Maastricht
6211GS,34,,Achter het Vleeshuis,Maastricht
6211GS,36,,Achter het Vleeshuis,Maastricht
6211GS,38,,Achter het Vleeshuis,Maastricht
6211GS,40,,Achter het Vleeshuis,Maastricht
6211GS,42,,Achter het Vleeshuis,Maastricht
6211GT,1,,Sint Amorsplein,Maastricht
6211GT,10,,Sint Amorsplein,Maastricht
6211GT,11,,Sint Amorsplein,Maastricht
6211GT,12,,Sint Amorsplein,Maastricht
6211GT,14,,Sint Amorsplein,Maastricht
6211GT,15,,Sint Amorsplein,Maastricht
6211GT,16,,Sint Amorsplein,Maastricht
6211GT,17,,Sint Amorsplein,Maastricht
6211GT,2,,Sint Amorsplein,Maastricht
6211GT,3,,Sint Amorsplein,Maastricht
6211GT,4,,Sint Amorsplein,Maastricht
6211GT,5,,Sint Amorsplein,Maastricht
6211GT,5,02,Sint Amorsplein,Maastricht
6211GT,5,01,Sint Amorsplein,Maastricht
6211GT,6,,Sint Amorsplein,Maastricht
6211GT,7,,Sint Amorsplein,Maastricht
6211GT,7,01,Sint Amorsplein,Maastricht
6211GT,7,02,Sint Amorsplein,Maastricht
6211GT,7,03,Sint Amorsplein,Maastricht
6211GT,7,04,Sint Amorsplein,Maastricht
6211GT,8,,Sint Amorsplein,Maastricht
6211GV,10,,Platielstraat,Maastricht
6211GV,12,,Platielstraat,Maastricht
6211GV,13,,Platielstraat,Maastricht
6211GV,14,,Platielstraat,Maastricht
6211GV,15,,Platielstraat,Maastricht
6211GV,16,,Platielstraat,Maastricht
6211GV,17,,Platielstraat,Maastricht
6211GV,18,,Platielstraat,Maastricht
6211GV,19,,Platielstraat,Maastricht
6211GV,1,,Platielstraat,Maastricht
6211GV,2,,Platielstraat,Maastricht
6211GV,20,,Platielstraat,Maastricht
6211GV,21,,Platielstraat,Maastricht
6211GV,22,,Platielstraat,Maastricht
6211GV,23,,Platielstraat,Maastricht
6211GV,3,,Platielstraat,Maastricht
6211GV,4,,Platielstraat,Maastricht
6211GV,5,,Platielstraat,Maastricht
6211GV,6,,Platielstraat,Maastricht
6211GV,7,,Platielstraat,Maastricht
6211GV,8,,Platielstraat,Maastricht
6211GV,9,,Platielstraat,Maastricht
6211GW,1,,Heggenstraat,Maastricht
6211GW,10,,Heggenstraat,Maastricht
6211GW,11,,Heggenstraat,Maastricht
6211GW,12,,Heggenstraat,Maastricht
6211GW,13,,Heggenstraat,Maastricht
6211GW,14,,Heggenstraat,Maastricht
6211GW,16,,Heggenstraat,Maastricht
6211GW,18,,Heggenstraat,Maastricht
6211GW,2,,Heggenstraat,Maastricht
6211GW,3,,Heggenstraat,Maastricht
6211GW,4,,Heggenstraat,Maastricht
6211GW,5,,Heggenstraat,Maastricht
6211GW,5,01,Heggenstraat,Maastricht
6211GW,5,02,Heggenstraat,Maastricht
6211GW,5,03,Heggenstraat,Maastricht
6211GW,5,04,Heggenstraat,Maastricht
6211GW,5,05,Heggenstraat,Maastricht
6211GW,5,06,Heggenstraat,Maastricht
6211GW,5,07,Heggenstraat,Maastricht
6211GW,6,,Heggenstraat,Maastricht
6211GW,7,,Heggenstraat,Maastricht
6211GW,8,,Heggenstraat,Maastricht
6211GW,9,,Heggenstraat,Maastricht
6211GX,1,,Minckelersstraat,Maastricht
6211GX,10,,Minckelersstraat,Maastricht
6211GX,12,,Minckelersstraat,Maastricht
6211GX,14,,Minckelersstraat,Maastricht
6211GX,16,,Minckelersstraat,Maastricht
6211GX,18,,Minckelersstraat,Maastricht
6211GX,1,01,Minckelersstraat,Maastricht
6211GX,1,02,Minckelersstraat,Maastricht
6211GX,1,03,Minckelersstraat,Maastricht
6211GX,1,04,Minckelersstraat,Maastricht
6211GX,1,05,Minckelersstraat,Maastricht
6211GX,1,06,Minckelersstraat,Maastricht
6211GX,1,07,Minckelersstraat,Maastricht
6211GX,1,08,Minckelersstraat,Maastricht
6211GX,1,09,Minckelersstraat,Maastricht
6211GX,1,10,Minckelersstraat,Maastricht
6211GX,1,11,Minckelersstraat,Maastricht
6211GX,1,12,Minckelersstraat,Maastricht
6211GX,1,13,Minckelersstraat,Maastricht
6211GX,1,14,Minckelersstraat,Maastricht
6211GX,1,15,Minckelersstraat,Maastricht
6211GX,2,,Minckelersstraat,Maastricht
6211GX,20,,Minckelersstraat,Maastricht
6211GX,22,,Minckelersstraat,Maastricht
6211GX,24,,Minckelersstraat,Maastricht
6211GX,26,,Minckelersstraat,Maastricht
6211GX,28,,Minckelersstraat,Maastricht
6211GX,3,,Minckelersstraat,Maastricht
6211GX,30,,Minckelersstraat,Maastricht
6211GX,34,,Minckelersstraat,Maastricht
6211GX,3,01,Minckelersstraat,Maastricht
6211GX,3,02,Minckelersstraat,Maastricht
6211GX,3,03,Minckelersstraat,Maastricht
6211GX,4,,Minckelersstraat,Maastricht
6211GX,5,,Minckelersstraat,Maastricht
6211GX,6,,Minckelersstraat,Maastricht
6211GX,7,,Minckelersstraat,Maastricht
6211GX,8,,Minckelersstraat,Maastricht
6211GZ,1,,Achter de Comedie,Maastricht
6211GZ,10,,Achter de Comedie,Maastricht
6211GZ,12,,Achter de Comedie,Maastricht
6211GZ,14,,Achter de Comedie,Maastricht
6211GZ,16,,Achter de Comedie,Maastricht
6211GZ,18,,Achter de Comedie,Maastricht
6211GZ,20,,Achter de Comedie,Maastricht
6211GZ,22,,Achter de Comedie,Maastricht
6211GZ,24,,Achter de Comedie,Maastricht
6211GZ,2,,Achter de Comedie,Maastricht
6211GZ,4,,Achter de Comedie,Maastricht
6211GZ,8,,Achter de Comedie,Maastricht
6211HA,1,,Bredestraat,Maastricht
6211HA,13,,Bredestraat,Maastricht
6211HA,15,,Bredestraat,Maastricht
6211HA,17,,Bredestraat,Maastricht
6211HA,19,,Bredestraat,Maastricht
6211HA,21,,Bredestraat,Maastricht
6211HA,23,,Bredestraat,Maastricht
6211HA,25,,Bredestraat,Maastricht
6211HA,27,,Bredestraat,Maastricht
6211HA,3,,Bredestraat,Maastricht
6211HA,5,,Bredestraat,Maastricht
6211HA,7,,Bredestraat,Maastricht
6211HA,7,01,Bredestraat,Maastricht
6211HA,7,02,Bredestraat,Maastricht
6211HA,9,,Bredestraat,Maastricht
6211HA,9,01,Bredestraat,Maastricht
6211HA,9,02,Bredestraat,Maastricht
6211HA,9,03,Bredestraat,Maastricht
6211HB,29,,Bredestraat,Maastricht
6211HB,31,,Bredestraat,Maastricht
6211HB,33,,Bredestraat,Maastricht
6211HB,35,,Bredestraat,Maastricht
6211HB,35,01,Bredestraat,Maastricht
6211HB,35,02,Bredestraat,Maastricht
6211HB,37,,Bredestraat,Maastricht
6211HB,39,,Bredestraat,Maastricht
6211HB,41,,Bredestraat,Maastricht
6211HB,43,,Bredestraat,Maastricht
6211HB,45,,Bredestraat,Maastricht
6211HB,47,,Bredestraat,Maastricht
6211HC,10,,Bredestraat,Maastricht
6211HC,12,,Bredestraat,Maastricht
6211HC,14,,Bredestraat,Maastricht
6211HC,16,,Bredestraat,Maastricht
6211HC,18,,Bredestraat,Maastricht
6211HC,2,,Bredestraat,Maastricht
6211HC,20,,Bredestraat,Maastricht
6211HC,22,,Bredestraat,Maastricht
6211HC,24,01,Bredestraat,Maastricht
6211HC,24,02,Bredestraat,Maastricht
6211HC,24,03,Bredestraat,Maastricht
6211HC,24,04,Bredestraat,Maastricht
6211HC,26,,Bredestraat,Maastricht
6211HC,28,,Bredestraat,Maastricht
6211HC,30,,Bredestraat,Maastricht
6211HC,32,,Bredestraat,Maastricht
6211HC,4,,Bredestraat,Maastricht
6211HC,4,01,Bredestraat,Maastricht
6211HC,4,02,Bredestraat,Maastricht
6211HC,6,,Bredestraat,Maastricht
6211HC,8,,Bredestraat,Maastricht
6211HD,1,,Onze Lieve Vrouweplein,Maastricht
6211HD,15,,Onze Lieve Vrouweplein,Maastricht
6211HD,2,,Onze Lieve Vrouweplein,Maastricht
6211HD,3,,Onze Lieve Vrouweplein,Maastricht
6211HD,4,,Onze Lieve Vrouweplein,Maastricht
6211HD,6,,Onze Lieve Vrouweplein,Maastricht
6211HD,7,,Onze Lieve Vrouweplein,Maastricht
6211HD,8,,Onze Lieve Vrouweplein,Maastricht
6211HD,9,,Onze Lieve Vrouweplein,Maastricht
6211HE,16,,Onze Lieve Vrouweplein,Maastricht
6211HE,17,,Onze Lieve Vrouweplein,Maastricht
6211HE,18,,Onze Lieve Vrouweplein,Maastricht
6211HE,19,,Onze Lieve Vrouweplein,Maastricht
6211HE,19,01,Onze Lieve Vrouweplein,Maastricht
6211HE,19,02,Onze Lieve Vrouweplein,Maastricht
6211HE,20,,Onze Lieve Vrouweplein,Maastricht
6211HE,21,,Onze Lieve Vrouweplein,Maastricht
6211HE,22,,Onze Lieve Vrouweplein,Maastricht
6211HE,23,,Onze Lieve Vrouweplein,Maastricht
6211HE,24,,Onze Lieve Vrouweplein,Maastricht
6211HE,25,,Onze Lieve Vrouweplein,Maastricht
6211HE,26,,Onze Lieve Vrouweplein,Maastricht
6211HE,27,,Onze Lieve Vrouweplein,Maastricht
6211HE,28,,Onze Lieve Vrouweplein,Maastricht
6211HE,29,,Onze Lieve Vrouweplein,Maastricht
6211HE,30,,Onze Lieve Vrouweplein,Maastricht
6211HG,1,,Graanmarkt,Maastricht
6211HG,2,,Graanmarkt,Maastricht
6211HG,3,,Graanmarkt,Maastricht
6211HG,4,,Graanmarkt,Maastricht
6211HH,10,,Onze Lieve Vrouwewal,Maastricht
6211HH,11,,Onze Lieve Vrouwewal,Maastricht
6211HH,13,,Onze Lieve Vrouwewal,Maastricht
6211HH,5,,Onze Lieve Vrouwewal,Maastricht
6211HH,6,,Onze Lieve Vrouwewal,Maastricht
6211HH,7,,Onze Lieve Vrouwewal,Maastricht
6211HH,8,,Onze Lieve Vrouwewal,Maastricht
6211HH,9,,Onze Lieve Vrouwewal,Maastricht
6211HJ,1,,Helpoort,Maastricht
6211HK,11,,Sint Bernardusstraat,Maastricht
6211HK,13,,Sint Bernardusstraat,Maastricht
6211HK,15,,Sint Bernardusstraat,Maastricht
6211HK,17,,Sint Bernardusstraat,Maastricht
6211HK,19,,Sint Bernardusstraat,Maastricht
6211HK,1,,Sint Bernardusstraat,Maastricht
6211HK,23,,Sint Bernardusstraat,Maastricht
6211HK,25,,Sint Bernardusstraat,Maastricht
6211HK,27,,Sint Bernardusstraat,Maastricht
6211HK,29,,Sint Bernardusstraat,Maastricht
6211HK,3,,Sint Bernardusstraat,Maastricht
6211HK,31,,Sint Bernardusstraat,Maastricht
6211HK,33,,Sint Bernardusstraat,Maastricht
6211HK,35,,Sint Bernardusstraat,Maastricht
6211HK,37,,Sint Bernardusstraat,Maastricht
6211HK,5,,Sint Bernardusstraat,Maastricht
6211HK,7,,Sint Bernardusstraat,Maastricht
6211HK,9,,Sint Bernardusstraat,Maastricht
6211HL,10,,Sint Bernardusstraat,Maastricht
6211HL,12,,Sint Bernardusstraat,Maastricht
6211HL,14,,Sint Bernardusstraat,Maastricht
6211HL,16,,Sint Bernardusstraat,Maastricht
6211HL,2,,Sint Bernardusstraat,Maastricht
6211HL,20,,Sint Bernardusstraat,Maastricht
6211HL,22,,Sint Bernardusstraat,Maastricht
6211HL,24,,Sint Bernardusstraat,Maastricht
6211HL,4,,Sint Bernardusstraat,Maastricht
6211HL,6,,Sint Bernardusstraat,Maastricht
6211HL,8,,Sint Bernardusstraat,Maastricht
6211HM,1,,Achter de oude Minderbroeders,Maastricht
6211HM,10,,Achter de oude Minderbroeders,Maastricht
6211HM,12,,Achter de oude Minderbroeders,Maastricht
6211HM,14,,Achter de oude Minderbroeders,Maastricht
6211HM,16,,Achter de oude Minderbroeders,Maastricht
6211HM,18,,Achter de oude Minderbroeders,Maastricht
6211HM,2,,Achter de oude Minderbroeders,Maastricht
6211HM,20,,Achter de oude Minderbroeders,Maastricht
6211HM,3,,Achter de oude Minderbroeders,Maastricht
6211HM,4,,Achter de oude Minderbroeders,Maastricht
6211HM,6,,Achter de oude Minderbroeders,Maastricht
6211HM,8,,Achter de oude Minderbroeders,Maastricht
6211HN,1,,Ridderstraat,Maastricht
6211HN,10,,Ridderstraat,Maastricht
6211HN,12,,Ridderstraat,Maastricht
6211HN,14,,Ridderstraat,Maastricht
6211HN,15,,Ridderstraat,Maastricht
6211HN,16,,Ridderstraat,Maastricht
6211HN,2,,Ridderstraat,Maastricht
6211HN,3,,Ridderstraat,Maastricht
6211HN,6,,Ridderstraat,Maastricht
6211HN,8,,Ridderstraat,Maastricht
6211HP,1,,Stenenbrug,Maastricht
6211HP,10,,Stenenbrug,Maastricht
6211HP,12,,Stenenbrug,Maastricht
6211HP,2,,Stenenbrug,Maastricht
6211HP,3,,Stenenbrug,Maastricht
6211HP,4,,Stenenbrug,Maastricht
6211HP,5,,Stenenbrug,Maastricht
6211HP,6,,Stenenbrug,Maastricht
6211HP,7,,Stenenbrug,Maastricht
6211HP,8,,Stenenbrug,Maastricht
6211HP,9,,Stenenbrug,Maastricht
6211HR,10,,Koestraat,Maastricht
6211HR,11,,Koestraat,Maastricht
6211HR,12,,Koestraat,Maastricht
6211HR,13,,Koestraat,Maastricht
6211HR,14,,Koestraat,Maastricht
6211HR,15,,Koestraat,Maastricht
6211HR,16,,Koestraat,Maastricht
6211HR,17,,Koestraat,Maastricht
6211HR,18,,Koestraat,Maastricht
6211HR,19,,Koestraat,Maastricht
6211HR,2,,Koestraat,Maastricht
6211HR,21,,Koestraat,Maastricht
6211HR,23,,Koestraat,Maastricht
6211HR,3,,Koestraat,Maastricht
6211HR,4,,Koestraat,Maastricht
6211HR,5,,Koestraat,Maastricht
6211HR,6,,Koestraat,Maastricht
6211HR,7,,Koestraat,Maastricht
6211HR,8,,Koestraat,Maastricht
6211HR,9,,Koestraat,Maastricht
6211HS,58,,Maaspromenade,Maastricht
6211HS,70,,Maaspromenade,Maastricht
6211HT,1,,Cortenstraat,Maastricht
6211HT,10,01,Cortenstraat,Maastricht
6211HT,10,02,Cortenstraat,Maastricht
6211HT,10,03,Cortenstraat,Maastricht
6211HT,11,,Cortenstraat,Maastricht
6211HT,2,,Cortenstraat,Maastricht
6211HT,2,01,Cortenstraat,Maastricht
6211HT,2,02,Cortenstraat,Maastricht
6211HT,3,,Cortenstraat,Maastricht
6211HT,4,,Cortenstraat,Maastricht
6211HT,5,,Cortenstraat,Maastricht
6211HT,6,,Cortenstraat,Maastricht
6211HT,7,,Cortenstraat,Maastricht
6211HT,8,,Cortenstraat,Maastricht
6211HT,9,,Cortenstraat,Maastricht
6211HV,1,,Maastrichter Heidenstraat,Maastricht
6211HV,10,01,Maastrichter Heidenstraat,Maastricht
6211HV,10,02,Maastrichter Heidenstraat,Maastricht
6211HV,10,,Maastrichter Heidenstraat,Maastricht
6211HV,12,,Maastrichter Heidenstraat,Maastricht
6211HV,2,,Maastrichter Heidenstraat,Maastricht
6211HV,3,,Maastrichter Heidenstraat,Maastricht
6211HV,4,,Maastrichter Heidenstraat,Maastricht
6211HV,5,,Maastrichter Heidenstraat,Maastricht
6211HV,6,,Maastrichter Heidenstraat,Maastricht
6211HV,7,,Maastrichter Heidenstraat,Maastricht
6211HW,1,,Hondstraat,Maastricht
6211HW,11,,Hondstraat,Maastricht
6211HW,13,,Hondstraat,Maastricht
6211HW,15,,Hondstraat,Maastricht
6211HW,3,,Hondstraat,Maastricht
6211HW,5,,Hondstraat,Maastricht
6211HW,7,,Hondstraat,Maastricht
6211HW,9,,Hondstraat,Maastricht
6211HX,10,,Hondstraat,Maastricht
6211HX,12,,Hondstraat,Maastricht
6211HX,14,,Hondstraat,Maastricht
6211HX,16,,Hondstraat,Maastricht
6211HX,18,,Hondstraat,Maastricht
6211HX,18,01,Hondstraat,Maastricht
6211HX,20,,Hondstraat,Maastricht
6211HX,22,,Hondstraat,Maastricht
6211HX,2,,Hondstraat,Maastricht
6211HX,4,,Hondstraat,Maastricht
6211HX,6,,Hondstraat,Maastricht
6211HX,8,,Hondstraat,Maastricht
6211HZ,10,,Bisschopsmolengang,Maastricht
6211HZ,12,,Bisschopsmolengang,Maastricht
6211HZ,14,,Bisschopsmolengang,Maastricht
6211HZ,16,,Bisschopsmolengang,Maastricht
6211HZ,1,,Bisschopsmolengang,Maastricht
6211HZ,2,,Bisschopsmolengang,Maastricht
6211HZ,3,,Bisschopsmolengang,Maastricht
6211HZ,5,,Bisschopsmolengang,Maastricht
6211HZ,8,,Bisschopsmolengang,Maastricht
6211JA,1,,Witmakersstraat,Maastricht
6211JA,11,,Witmakersstraat,Maastricht
6211JA,13,,Witmakersstraat,Maastricht
6211JA,15,,Witmakersstraat,Maastricht
6211JA,17,,Witmakersstraat,Maastricht
6211JA,21,,Witmakersstraat,Maastricht
6211JA,23,,Witmakersstraat,Maastricht
6211JA,25,,Witmakersstraat,Maastricht
6211JA,27,,Witmakersstraat,Maastricht
6211JA,29,01,Witmakersstraat,Maastricht
6211JA,29,02,Witmakersstraat,Maastricht
6211JA,29,,Witmakersstraat,Maastricht
6211JA,29,03,Witmakersstraat,Maastricht
6211JA,3,,Witmakersstraat,Maastricht
6211JA,5,,Witmakersstraat,Maastricht
6211JA,7,,Witmakersstraat,Maastricht
6211JA,9,,Witmakersstraat,Maastricht
6211JB,10,,Witmakersstraat,Maastricht
6211JB,12,,Witmakersstraat,Maastricht
6211JB,14,,Witmakersstraat,Maastricht
6211JB,16,,Witmakersstraat,Maastricht
6211JB,6,,Witmakersstraat,Maastricht
6211JB,8,,Witmakersstraat,Maastricht
6211JC,10,,Achter de Molens,Maastricht
6211JC,10,01,Achter de Molens,Maastricht
6211JC,10,02,Achter de Molens,Maastricht
6211JC,10,11,Achter de Molens,Maastricht
6211JC,10,12,Achter de Molens,Maastricht
6211JC,10,13,Achter de Molens,Maastricht
6211JC,10,21,Achter de Molens,Maastricht
6211JC,10,22,Achter de Molens,Maastricht
6211JC,10,23,Achter de Molens,Maastricht
6211JC,11,,Achter de Molens,Maastricht
6211JC,12,,Achter de Molens,Maastricht
6211JC,13,,Achter de Molens,Maastricht
6211JC,14,,Achter de Molens,Maastricht
6211JC,15,,Achter de Molens,Maastricht
6211JC,15,01,Achter de Molens,Maastricht
6211JC,15,02,Achter de Molens,Maastricht
6211JC,15,03,Achter de Molens,Maastricht
6211JC,16,,Achter de Molens,Maastricht
6211JC,18,,Achter de Molens,Maastricht
6211JC,19,,Achter de Molens,Maastricht
6211JC,1,,Achter de Molens,Maastricht
6211JC,2,,Achter de Molens,Maastricht
6211JC,20,,Achter de Molens,Maastricht
6211JC,21,,Achter de Molens,Maastricht
6211JC,22,01,Achter de Molens,Maastricht
6211JC,22,02,Achter de Molens,Maastricht
6211JC,22,03,Achter de Molens,Maastricht
6211JC,22,04,Achter de Molens,Maastricht
6211JC,22,11,Achter de Molens,Maastricht
6211JC,22,12,Achter de Molens,Maastricht
6211JC,22,13,Achter de Molens,Maastricht
6211JC,22,14,Achter de Molens,Maastricht
6211JC,22,21,Achter de Molens,Maastricht
6211JC,22,22,Achter de Molens,Maastricht
6211JC,22,23,Achter de Molens,Maastricht
6211JC,22,24,Achter de Molens,Maastricht
6211JC,22,31,Achter de Molens,Maastricht
6211JC,22,32,Achter de Molens,Maastricht
6211JC,22,33,Achter de Molens,Maastricht
6211JC,22,34,Achter de Molens,Maastricht
6211JC,23,,Achter de Molens,Maastricht
6211JC,24,,Achter de Molens,Maastricht
6211JC,25,01,Achter de Molens,Maastricht
6211JC,25,02,Achter de Molens,Maastricht
6211JC,25,,Achter de Molens,Maastricht
6211JC,26,,Achter de Molens,Maastricht
6211JC,28,,Achter de Molens,Maastricht
6211JC,3,,Achter de Molens,Maastricht
6211JC,30,,Achter de Molens,Maastricht
6211JC,4,,Achter de Molens,Maastricht
6211JC,5,,Achter de Molens,Maastricht
6211JC,6,,Achter de Molens,Maastricht
6211JC,7,,Achter de Molens,Maastricht
6211JC,8,01,Achter de Molens,Maastricht
6211JC,8,02,Achter de Molens,Maastricht
6211JC,8,03,Achter de Molens,Maastricht
6211JC,8,04,Achter de Molens,Maastricht
6211JC,8,11,Achter de Molens,Maastricht
6211JC,8,12,Achter de Molens,Maastricht
6211JC,8,13,Achter de Molens,Maastricht
6211JC,8,14,Achter de Molens,Maastricht
6211JC,8,21,Achter de Molens,Maastricht
6211JC,8,22,Achter de Molens,Maastricht
6211JC,8,23,Achter de Molens,Maastricht
6211JC,8,24,Achter de Molens,Maastricht
6211JC,8,31,Achter de Molens,Maastricht
6211JC,8,32,Achter de Molens,Maastricht
6211JC,8,33,Achter de Molens,Maastricht
6211JC,8,34,Achter de Molens,Maastricht
6211JC,9,,Achter de Molens,Maastricht
6211JD,1,,Tafelstraat,Maastricht
6211JD,10,,Tafelstraat,Maastricht
6211JD,11,,Tafelstraat,Maastricht
6211JD,12,,Tafelstraat,Maastricht
6211JD,13,,Tafelstraat,Maastricht
6211JD,14,,Tafelstraat,Maastricht
6211JD,16,,Tafelstraat,Maastricht
6211JD,18,,Tafelstraat,Maastricht
6211JD,20,,Tafelstraat,Maastricht
6211JD,22,,Tafelstraat,Maastricht
6211JD,24,,Tafelstraat,Maastricht
6211JD,26,,Tafelstraat,Maastricht
6211JD,28,,Tafelstraat,Maastricht
6211JD,2,,Tafelstraat,Maastricht
6211JD,3,,Tafelstraat,Maastricht
6211JD,30,,Tafelstraat,Maastricht
6211JD,4,,Tafelstraat,Maastricht
6211JD,5,,Tafelstraat,Maastricht
6211JD,6,,Tafelstraat,Maastricht
6211JD,7,,Tafelstraat,Maastricht
6211JD,8,,Tafelstraat,Maastricht
6211JD,9,,Tafelstraat,Maastricht
6211JE,10,,Sint Hilariusstraat,Maastricht
6211JE,12,,Sint Hilariusstraat,Maastricht
6211JE,4,,Sint Hilariusstraat,Maastricht
6211JE,6,,Sint Hilariusstraat,Maastricht
6211JE,8,,Sint Hilariusstraat,Maastricht
6211JG,10,,Lang Grachtje,Maastricht
6211JG,12,,Lang Grachtje,Maastricht
6211JG,14,,Lang Grachtje,Maastricht
6211JG,16,,Lang Grachtje,Maastricht
6211JG,18,,Lang Grachtje,Maastricht
6211JG,1,,Lang Grachtje,Maastricht
6211JG,2,,Lang Grachtje,Maastricht
6211JG,20,,Lang Grachtje,Maastricht
6211JG,6,,Lang Grachtje,Maastricht
6211JG,8,,Lang Grachtje,Maastricht
6211JH,11,,Grote Looiersstraat,Maastricht
6211JH,13,,Grote Looiersstraat,Maastricht
6211JH,15,,Grote Looiersstraat,Maastricht
6211JH,17,,Grote Looiersstraat,Maastricht
6211JH,19,01,Grote Looiersstraat,Maastricht
6211JH,19,02,Grote Looiersstraat,Maastricht
6211JH,19,03,Grote Looiersstraat,Maastricht
6211JH,19,04,Grote Looiersstraat,Maastricht
6211JH,19,11,Grote Looiersstraat,Maastricht
6211JH,19,12,Grote Looiersstraat,Maastricht
6211JH,19,13,Grote Looiersstraat,Maastricht
6211JH,19,14,Grote Looiersstraat,Maastricht
6211JH,19,15,Grote Looiersstraat,Maastricht
6211JH,19,21,Grote Looiersstraat,Maastricht
6211JH,19,22,Grote Looiersstraat,Maastricht
6211JH,19,23,Grote Looiersstraat,Maastricht
6211JH,19,24,Grote Looiersstraat,Maastricht
6211JH,19,25,Grote Looiersstraat,Maastricht
6211JH,19,31,Grote Looiersstraat,Maastricht
6211JH,19,32,Grote Looiersstraat,Maastricht
6211JH,19,33,Grote Looiersstraat,Maastricht
6211JH,21,,Grote Looiersstraat,Maastricht
6211JH,23,,Grote Looiersstraat,Maastricht
6211JH,25,,Grote Looiersstraat,Maastricht
6211JH,27,,Grote Looiersstraat,Maastricht
6211JH,5,,Grote Looiersstraat,Maastricht
6211JH,7,,Grote Looiersstraat,Maastricht
6211JH,9,,Grote Looiersstraat,Maastricht
6211JJ,10,,Grote Looiersstraat,Maastricht
6211JJ,12,,Grote Looiersstraat,Maastricht
6211JJ,14,,Grote Looiersstraat,Maastricht
6211JJ,16,,Grote Looiersstraat,Maastricht
6211JJ,18,,Grote Looiersstraat,Maastricht
6211JJ,20,,Grote Looiersstraat,Maastricht
6211JJ,24,,Grote Looiersstraat,Maastricht
6211JJ,26,,Grote Looiersstraat,Maastricht
6211JJ,28,,Grote Looiersstraat,Maastricht
6211JJ,30,,Grote Looiersstraat,Maastricht
6211JJ,6,,Grote Looiersstraat,Maastricht
6211JJ,8,,Grote Looiersstraat,Maastricht
6211JK,10,,Looiersgracht,Maastricht
6211JK,11,,Looiersgracht,Maastricht
6211JK,12,,Looiersgracht,Maastricht
6211JK,13,,Looiersgracht,Maastricht
6211JK,14,,Looiersgracht,Maastricht
6211JK,15,,Looiersgracht,Maastricht
6211JK,16,,Looiersgracht,Maastricht
6211JK,17,,Looiersgracht,Maastricht
6211JK,19,,Looiersgracht,Maastricht
6211JK,1,,Looiersgracht,Maastricht
6211JK,2,,Looiersgracht,Maastricht
6211JK,21,,Looiersgracht,Maastricht
6211JK,22,,Looiersgracht,Maastricht
6211JK,3,,Looiersgracht,Maastricht
6211JK,4,,Looiersgracht,Maastricht
6211JK,5,,Looiersgracht,Maastricht
6211JK,7,,Looiersgracht,Maastricht
6211JK,8,,Looiersgracht,Maastricht
6211JK,9,,Looiersgracht,Maastricht
6211JL,10,,Kleine Looiersstraat,Maastricht
6211JL,12,,Kleine Looiersstraat,Maastricht
6211JL,12,01,Kleine Looiersstraat,Maastricht
6211JL,12,02,Kleine Looiersstraat,Maastricht
6211JL,14,,Kleine Looiersstraat,Maastricht
6211JL,16,,Kleine Looiersstraat,Maastricht
6211JL,18,,Kleine Looiersstraat,Maastricht
6211JL,19,,Kleine Looiersstraat,Maastricht
6211JL,20,,Kleine Looiersstraat,Maastricht
6211JL,21,,Kleine Looiersstraat,Maastricht
6211JL,22,,Kleine Looiersstraat,Maastricht
6211JL,23,,Kleine Looiersstraat,Maastricht
6211JL,25,,Kleine Looiersstraat,Maastricht
6211JL,27,,Kleine Looiersstraat,Maastricht
6211JL,29,,Kleine Looiersstraat,Maastricht
6211JL,2,,Kleine Looiersstraat,Maastricht
6211JL,3,,Kleine Looiersstraat,Maastricht
6211JL,31,,Kleine Looiersstraat,Maastricht
6211JL,35,,Kleine Looiersstraat,Maastricht
6211JL,37,,Kleine Looiersstraat,Maastricht
6211JL,4,,Kleine Looiersstraat,Maastricht
6211JL,5,,Kleine Looiersstraat,Maastricht
6211JL,6,,Kleine Looiersstraat,Maastricht
6211JL,7,,Kleine Looiersstraat,Maastricht
6211JL,8,,Kleine Looiersstraat,Maastricht
6211JM,13,,Sint Pieterstraat,Maastricht
6211JM,15,,Sint Pieterstraat,Maastricht
6211JM,17,,Sint Pieterstraat,Maastricht
6211JM,19,,Sint Pieterstraat,Maastricht
